516,3
341,2
1543,3
2571,3
2064,3
532,1
2072,6
2564,1
546,1
36,5
2086,3
2601,3
2090,5
1583,3
1584,3
2097,0
1078,1
56,5
574,4
1376,1
2627,3
2638,0
1105,2
2644,1
1110,0
88,5
1114,0
1121,1
1128,1
617,0
871,1
2164,0
1129,1
635,6
2684,4
2178,6
643,6
1668,2
1157,3
650,6
1166,5
124,5
1172,5
2199,0
959,2
2203,3
1028,1
1695,3
1184,1
674,1
2468,5
1708,4
142,5
176,2
1201,4
180,2
884,4
1213,6
190,2
2240,6
2243,1
2245,3
712,3
2249,4
203,2
1740,4
209,2
722,2
1237,6
733,2
225,2
226,2
233,6
1774,6
751,2
1066,0
2261,5
2309,4
1287,4
1288,4
1803,4
1811,5
2329,0
559,4
312,6
1310,5
287,3
805,6
807,6
1322,1
2349,1
1326,2
1847,0
1336,0
315,6
321,6
1858,0
327,5
311,6
2360,0
2388,0
2190,0
864,4
353,4
1169,5
872,1
1899,0
879,3
882,4
1908,5
374,1
887,4
1917,0
1925,3
663,3
2445,5
2451,1
1944,5
1956,4
938,2
427,2
1967,1
1459,3
951,6
441,0
2490,3
447,6
961,2
331,2
2501,5
1488,4
1495,0
1497,5
2530,5
996,4
2024,4
1346,2
1005,6
1011,6
2389,0
