1538,1
2564,1
2053,1
1078,1
2575,3
856,2
532,1
1558,6
1113,0
1567,6
43,5
1072,3
50,5
2099,6
2613,3
566,4
570,0
61,0
1086,1
1093,2
585,0
77,5
2126,3
2644,1
2134,4
1625,4
2656,3
2146,5
100,5
1637,4
1127,1
1129,1
1133,1
957,2
625,0
1650,2
2323,5
2164,0
123,5
1660,2
1661,0
1150,0
129,5
1161,4
1986,1
109,5
2192,2
146,5
158,6
674,1
1699,6
454,1
678,6
796,6
1201,4
178,2
2529,5
181,0
2676,0
1210,4
189,2
885,4
704,6
1221,6
2265,2
1754,5
733,2
2277,3
2281,3
2291,3
1269,4
759,0
253,2
254,4
1279,4
263,2
272,0
785,6
1810,5
1299,0
792,4
793,1
794,4
1819,3
1820,3
802,0
808,1
300,0
2349,1
2017,1
2363,3
2102,5
1863,5
1864,0
2379,1
1362,3
855,2
1368,3
1371,6
876,4
2024,4
373,4
1912,0
1923,6
2440,5
1424,3
1937,5
1433,3
1435,3
926,4
1439,3
2467,0
935,2
937,2
1463,3
1979,4
1469,3
447,6
960,2
1140,1
2498,5
2502,5
455,6
1481,2
971,2
974,2
978,2
1187,3
2519,0
1496,0
2523,1
993,4
1507,6
1509,6
998,6
2536,5
1003,6
1519,6
1525,4
1530,6
