2050,4
2566,5
2567,3
1548,2
3085,2
2574,1
1045,0
2582,1
3097,5
1562,5
1563,2
2588,2
1053,1
2081,3
41,2
1069,2
2227,0
2951,0
3128,3
3131,4
1596,0
573,4
2110,0
949,3
576,4
2116,0
589,0
3150,0
82,1
3156,5
87,1
607,4
2144,5
1128,3
1644,1
2670,2
2681,4
2682,3
21,3
3197,0
533,1
644,2
22,0
365,5
658,4
1686,4
3231,4
3244,0
3245,1
179,3
1213,3
2242,4
1183,1
1235,2
2772,2
2510,5
2266,2
877,5
1263,2
1267,1
2804,4
1269,1
252,0
2815,3
2305,2
2859,0
786,4
2843,1
796,3
218,4
1310,3
2854,2
2343,0
1927,5
817,0
1749,5
308,0
1334,2
1850,4
1865,1
2893,4
1359,1
2532,5
59,3
357,1
1461,3
231,2
1901,5
1001,3
376,5
889,0
895,3
1408,0
391,5
1516,1
1428,3
1432,5
1434,3
2463,1
2979,4
1446,4
1448,4
2993,3
1973,5
2719,2
2925,1
3017,2
974,4
2009,2
2012,1
992,0
3042,4
484,2
998,0
489,5
1002,3
3052,5
2035,1
2549,5
3067,5
