2561,2
1538,2
3075,2
1029,2
2058,4
1547,1
2576,2
1554,1
346,1
3109,1
1578,4
557,2
1071,2
1079,3
3131,4
1089,1
2059,4
68,1
1607,4
586,1
855,3
2132,1
610,2
3172,0
102,5
2665,0
2667,5
3181,3
3192,2
636,3
877,5
2706,0
1172,3
1688,0
1691,0
3231,4
164,1
1709,1
3247,5
1718,5
3255,3
3259,0
2761,1
719,1
1232,3
632,3
1241,5
1743,0
2780,4
3294,3
2786,0
229,1
747,5
1772,3
2800,0
1780,2
760,2
2299,0
2813,3
767,0
2305,2
261,1
1800,2
779,3
2321,4
279,4
559,3
306,0
2866,5
1847,2
825,5
320,0
2886,4
2887,2
1353,4
2890,4
2871,4
851,4
340,5
2391,4
856,5
1370,5
1886,0
868,4
1893,2
2410,0
1387,1
365,5
1905,4
371,1
1398,2
1916,0
1412,3
1927,5
1930,5
1934,5
401,2
2964,4
1435,3
412,1
2973,0
1950,3
2978,3
2203,3
2469,2
429,0
1949,3
2484,5
1462,1
2505,4
466,3
468,2
1529,4
473,5
1511,1
3052,5
1008,5
2039,0
2040,0
596,1
