2052,1
682,1
520,4
10,5
1037,4
528,1
2067,3
1557,6
535,1
25,5
541,1
34,5
1573,6
1576,3
2603,3
46,5
559,4
1586,1
1075,1
564,4
567,4
1083,4
2642,5
90,5
603,0
1116,6
2149,0
969,2
621,0
111,5
629,0
1657,2
1659,6
2684,4
2692,0
1283,4
651,6
2188,6
2702,0
2704,0
1178,4
668,3
2085,3
2034,3
162,2
677,1
167,5
170,2
173,2
175,2
178,2
1203,4
1716,3
1719,3
697,6
2234,5
1141,1
196,2
198,2
1236,2
1750,0
731,0
37,5
2273,4
1762,0
1251,1
1764,0
233,6
1405,3
1786,4
555,4
1797,3
774,0
1800,3
1296,0
1810,5
333,1
2333,2
861,2
1824,1
801,0
1827,1
1316,5
1510,6
1848,4
1850,0
1347,2
324,5
1350,4
225,2
1352,5
226,2
1359,3
2384,3
849,3
2386,6
2392,0
1372,6
2362,3
351,4
866,1
2405,1
870,1
364,1
368,1
1398,3
888,5
379,0
380,2
381,0
2455,0
923,4
2468,5
1962,2
1965,4
1458,1
1972,5
1462,3
2489,0
959,2
1985,1
2209,6
457,6
2381,4
1490,4
979,2
2004,6
2007,3
2530,5
486,6
489,6
2544,5
1522,6
499,6
2548,5
1526,6
503,6
1016,2
505,3
509,3
