1,5
1027,4
854,2
2567,0
2061,6
1555,5
22,5
1067,3
560,4
2099,6
61,0
2622,3
2114,0
2627,3
2116,2
70,5
1096,4
585,0
1105,2
2644,1
2649,6
2138,5
1120,4
2659,0
2660,0
103,5
1132,1
2157,5
1139,1
1653,4
118,5
1144,1
1146,1
1158,3
135,5
1644,1
1133,1
1680,4
707,6
661,3
1184,1
162,2
1699,6
1990,5
166,5
2222,0
2224,0
1213,6
2243,1
2248,0
201,2
208,2
1539,1
2263,1
2264,1
1487,5
2270,4
1248,1
739,0
1252,4
229,2
2281,3
1258,4
1262,4
2287,0
241,3
1781,0
248,2
1789,3
258,6
261,2
1801,3
2317,4
1325,2
728,0
1309,5
2335,5
288,0
1315,5
2341,3
808,1
1324,2
2349,1
222,2
2359,0
1849,3
1850,0
315,6
322,6
323,6
2373,5
1350,4
2379,1
1359,3
342,4
855,2
1369,6
2396,0
1482,2
869,1
1905,2
62,5
1915,3
1936,4
2371,0
1940,5
238,3
1946,5
1435,3
923,4
933,2
2470,6
431,0
2481,3
1463,3
1465,3
958,2
959,2
960,2
160,5
965,2
1478,3
456,6
458,6
1998,1
975,4
1491,4
469,3
1498,0
480,6
1505,4
1702,4
998,6
1002,6
1515,6
1007,6
496,1
1529,6
506,4
1023,1
