1536,4
2052,1
1541,3
172,2
1555,5
1556,6
534,1
2564,1
2588,3
543,1
2594,3
1573,6
2091,0
2098,0
1076,1
2142,2
2102,5
1082,4
1597,3
69,5
1377,6
75,0
1101,0
79,5
2648,5
92,5
94,5
1119,4
2145,5
1634,4
1132,1
1214,6
1657,2
703,6
1660,2
638,6
639,0
1664,2
1666,2
1667,2
648,6
2188,6
2704,0
1174,5
665,3
2202,0
670,3
1185,3
1699,6
167,5
540,1
1195,3
1708,4
694,0
697,6
699,4
702,6
1215,6
2243,1
713,4
973,2
1234,6
1237,6
1145,1
1746,4
2265,2
733,2
1246,1
2271,4
2274,5
1253,1
2285,0
2291,3
2298,0
1277,3
774,0
775,4
1800,3
1806,5
272,0
276,0
2331,3
798,4
800,2
289,0
803,4
2341,3
1830,1
1831,1
1320,0
809,6
811,3
1326,2
1848,4
831,2
1346,2
54,5
326,5
841,3
2378,0
2380,4
1869,1
846,4
2386,6
1376,1
2192,2
1893,4
2407,1
875,4
1389,4
1085,1
375,1
150,5
2448,5
1942,5
1433,3
2458,1
923,4
1437,3
1953,5
2467,0
1449,2
2484,3
918,6
959,2
961,2
963,2
2209,6
458,6
2509,3
1358,3
475,5
2018,1
2019,4
2029,2
1520,6
1010,0
2550,5
425,0
2040,0
