2562,2
2052,4
519,5
14,5
2221,3
2066,3
20,3
3093,4
535,1
24,0
546,2
1571,2
2567,3
3294,3
2102,5
1592,0
3252,5
574,4
2624,4
580,3
3144,4
3146,5
1611,0
79,0
593,0
1619,1
2139,1
3258,2
2143,1
3169,5
1646,1
112,0
2323,5
632,3
2171,4
636,3
639,1
2691,4
662,0
2206,3
2719,2
2721,2
2726,0
679,5
3240,1
1197,3
2737,5
1715,2
1716,2
1719,5
2232,2
186,4
3263,1
2774,3
2777,4
2780,4
1758,2
736,5
2939,0
1771,2
1031,3
254,2
2815,3
770,3
555,5
2313,0
778,2
1291,5
784,2
2123,5
1811,4
1812,4
2055,4
2331,2
2849,4
1834,4
2347,0
307,0
2357,1
1343,4
1359,1
2384,3
2390,2
1368,2
1371,5
2400,4
2603,0
874,5
1900,5
2413,0
379,2
1410,3
2283,1
1413,3
1421,5
398,5
2962,4
917,1
2966,3
1431,1
923,1
2487,4
440,1
1981,1
3009,2
963,1
1988,2
965,0
455,0
457,0
2511,3
2000,0
2002,5
3031,0
2522,4
1513,1
1002,3
272,0
2034,1
505,1
