2048,0
1024,4
1538,1
2051,2
1028,1
517,6
521,4
2572,3
2061,6
2576,0
17,4
1042,3
19,5
1044,3
2584,0
2052,1
1562,6
2590,3
543,1
544,1
546,1
2600,3
559,4
48,5
2100,6
1591,3
1081,1
2107,0
576,4
2113,5
1607,0
2635,0
525,6
440,0
91,5
95,5
16,5
2032,3
1642,0
1643,0
2156,5
530,1
622,0
113,5
629,0
1142,1
1147,1
128,5
129,5
1165,5
142,5
153,5
671,3
1202,4
1204,4
1054,3
2230,2
1720,3
2236,3
2506,6
702,6
192,2
1220,6
2247,0
203,2
205,2
718,5
1743,3
213,2
216,2
220,2
2270,4
1249,4
745,3
237,6
1267,4
249,2
2298,0
1276,4
1793,4
2309,4
1803,4
2338,3
180,2
2340,3
294,0
1324,2
1327,2
2354,0
1334,3
1850,0
831,2
320,6
1346,2
325,5
326,5
2379,1
141,5
339,4
1368,3
1881,4
1371,6
1373,1
2398,1
1376,1
2405,1
487,6
877,0
1390,4
488,6
1395,6
886,4
2425,1
2426,0
577,4
1419,0
2451,1
2465,0
1521,6
936,2
71,5
2481,3
1458,1
1464,3
958,2
959,2
1987,1
1441,2
458,6
462,5
2007,3
988,2
479,6
2018,1
999,6
1000,6
1008,4
2545,5
1523,6
1014,2
