1536,4
3073,5
2051,4
2052,4
2057,4
3083,4
2585,5
27,1
2083,3
38,2
689,4
1576,3
2604,4
1584,2
1074,2
563,2
1081,4
1604,3
1094,1
1096,4
586,1
1617,1
855,3
87,1
2651,1
2141,1
1634,1
625,5
2674,4
1652,1
1471,0
636,3
637,3
642,2
647,2
1674,0
1676,0
1165,2
1166,5
2717,5
2718,5
1185,4
2723,2
1983,1
1195,4
2222,3
3248,3
3249,5
1202,1
2741,4
1723,5
3274,3
2421,0
3272,0
1226,4
1227,0
2764,4
209,3
2781,2
3299,0
229,1
2284,1
3313,5
1779,2
3324,5
3325,1
1790,0
2815,3
1793,4
2821,3
780,5
2832,2
1298,2
2323,5
2335,2
1828,5
1841,2
308,0
2698,3
331,0
1366,0
2903,5
1369,3
349,2
1381,0
1897,3
2410,0
368,5
882,1
885,0
1913,0
2430,4
895,3
390,5
392,5
2954,3
1420,5
1938,5
918,1
930,3
427,0
1970,4
952,5
441,1
1468,4
445,1
2495,0
1986,2
971,4
2001,0
2007,2
2527,1
2641,1
3048,3
490,0
492,0
3054,2
2813,3
2551,2
508,2
