4,4
6,0
520,5
2569,5
15,1
21,3
2583,2
2072,2
1565,2
1057,3
1058,3
554,5
1579,4
556,5
54,0
3128,3
1086,0
1088,1
1090,1
3140,3
3143,2
1609,0
77,2
82,1
2133,3
2646,4
2652,3
3167,4
98,2
1125,1
1638,1
110,4
3190,2
2679,3
635,5
1661,0
3208,4
1163,3
2700,1
1680,2
145,5
146,3
1134,3
2710,1
3244,0
3245,1
2737,5
2232,2
185,4
1214,0
191,2
1216,3
2756,5
1740,4
3277,4
3285,2
3292,0
221,5
224,2
225,5
1763,1
230,0
1259,2
1773,3
73,3
1267,1
2809,0
250,0
1280,5
771,3
2823,2
271,0
277,1
1817,1
2330,2
1314,2
295,4
811,3
2350,1
1330,1
2873,4
479,5
2885,5
1863,0
2378,1
851,4
2392,4
1372,5
2914,4
3048,3
1908,0
2424,4
384,1
394,5
907,5
396,5
402,1
404,4
2967,4
1434,3
2980,0
1446,4
423,0
1965,4
1455,4
1975,5
449,0
2506,5
3019,0
461,2
2002,5
984,3
2527,1
1504,0
1000,2
2537,1
3053,2
2642,0
1525,3
2555,2
