3073,5
1542,2
1032,1
1033,2
2570,5
1035,0
2392,4
1556,2
1563,2
3100,1
32,2
2598,4
556,5
2095,1
1584,2
1585,5
2614,4
2825,5
1084,5
1546,1
2115,0
69,0
70,0
74,3
3147,0
78,2
600,3
1627,1
612,0
105,1
1213,3
112,0
617,0
20,3
123,5
2172,4
127,5
2693,1
2697,5
3211,5
656,1
146,3
3222,3
2206,3
2720,2
1699,1
227,5
1197,3
2737,5
3250,5
693,3
2749,4
1222,1
3271,1
1740,4
208,2
209,3
2777,4
2780,4
3297,2
2786,0
2787,0
2277,4
235,2
751,3
757,4
2812,4
2303,5
265,1
2519,3
782,2
1812,4
798,2
287,1
1072,2
1323,0
3038,5
319,2
1345,0
1163,3
325,1
328,1
849,1
1875,2
1367,2
2904,0
2393,2
1378,3
1385,0
1898,5
2413,0
369,3
2936,0
893,5
895,3
897,0
2436,1
901,2
2441,1
1419,4
2957,0
2962,4
2972,5
1949,3
936,5
1969,4
949,3
2487,4
1990,3
967,4
983,0
2523,4
1502,2
2015,4
1525,3
502,1
2039,0
505,1
3066,5
511,4
