1538,1
516,3
2053,1
521,4
522,4
1795,3
534,1
1047,3
24,5
1561,6
2077,2
2590,3
31,5
548,1
2597,3
2600,3
41,5
42,5
2603,3
47,5
49,5
1080,4
2622,3
2626,3
1092,0
78,5
80,5
2645,5
1622,0
605,0
1120,4
1123,1
1127,1
1128,1
111,5
360,6
1650,2
115,5
2167,5
2170,3
1664,2
1157,3
1674,2
1573,6
1680,4
536,1
1219,6
1175,5
667,3
1649,2
2218,4
1198,0
687,1
773,3
181,0
2230,2
186,2
1567,6
191,2
707,6
202,2
718,5
2255,6
221,2
223,2
1252,4
195,2
231,1
232,0
1258,4
2289,1
244,6
245,2
763,6
2301,0
255,0
43,5
1284,4
1797,3
266,0
1806,5
787,4
797,4
1827,1
805,6
1830,1
1832,1
1757,0
1332,0
2363,3
2367,0
1861,4
2379,1
2385,0
1877,3
866,1
1894,4
2407,1
1384,4
1900,6
2414,6
2416,0
1393,6
370,4
375,1
377,0
1921,0
918,6
1931,0
397,2
402,0
1939,5
1942,5
1946,5
1446,2
2471,6
938,2
1451,6
943,2
2484,3
2485,0
2079,1
958,2
447,6
1472,3
1986,1
1476,4
968,2
1488,4
1489,4
468,3
2517,3
2525,4
1502,0
993,4
2536,5
489,6
1519,6
500,6
1016,2
