2049,5
2731,1
1546,1
1879,1
2573,2
2574,1
1197,3
2583,2
541,4
2080,3
1064,2
604,2
557,2
558,1
3122,3
1588,1
2616,2
57,1
575,5
579,5
1607,4
2632,0
3148,5
592,4
593,0
595,1
14,5
3159,4
602,2
2651,1
1628,1
2142,4
2144,5
2156,4
3183,4
3192,2
1659,3
126,5
128,5
1665,2
3209,0
1096,4
1694,4
673,3
674,2
2725,0
3242,3
2219,1
173,2
1201,1
2738,4
697,1
970,4
1731,1
2759,2
723,5
3292,0
3294,3
224,2
1762,5
2280,4
2281,1
40,2
638,1
1272,2
2811,4
2815,3
771,3
1290,5
2827,4
2327,2
2841,0
2843,1
2844,2
1309,1
816,0
2869,4
2870,4
313,0
2874,3
1076,5
832,4
840,1
334,3
1365,0
1593,0
2392,4
1338,4
998,0
2535,3
1461,3
363,5
1900,5
1396,3
885,0
2939,0
2428,5
1919,0
2435,4
1941,0
2966,3
1945,0
934,2
423,0
2993,3
1973,5
443,5
444,2
2499,5
1477,0
458,0
1997,3
1870,3
2011,2
2534,5
1617,1
3057,0
2549,5
1526,3
1527,3
