1,0
3073,5
522,1
2064,4
2578,2
1048,1
1562,5
2079,3
550,2
1579,4
513,2
53,2
3127,5
3139,4
1608,0
1609,0
1099,3
2637,4
78,2
2641,1
2130,5
89,0
2140,1
3167,4
1632,1
97,2
98,2
1639,1
621,5
119,0
2681,4
636,3
129,2
2179,4
1669,5
1162,3
1165,2
2709,3
2198,3
1689,0
156,1
2205,3
670,5
673,3
2722,2
180,5
699,1
1214,0
3263,1
1730,3
1745,0
1245,1
1252,4
741,1
2285,0
2287,1
754,4
245,2
2806,4
1277,5
256,5
1283,5
773,4
1153,2
2315,0
786,4
1299,2
1301,5
279,4
1307,0
1825,5
2343,0
808,3
1321,0
2867,5
312,0
2873,4
1854,5
1859,1
1349,0
1079,3
1886,0
864,5
2910,4
2919,5
1897,3
1387,1
2419,4
374,1
3201,3
2956,0
909,0
3309,3
404,4
922,1
1953,2
930,3
420,2
2472,2
1266,1
2999,2
1980,2
448,4
3012,5
459,4
2509,5
2000,0
2513,3
466,3
981,3
989,3
2018,1
1667,4
999,2
1512,1
2540,5
2813,3
3058,0
3059,1
3063,2
