1025,6
1538,1
517,6
14,5
532,1
2581,3
1558,6
1051,3
545,1
2084,4
37,5
556,4
558,4
1071,3
565,4
1085,1
1095,4
1804,4
76,5
1102,2
80,5
83,4
2136,5
2141,2
1119,4
1635,4
106,5
620,0
2157,5
627,0
1140,1
642,6
193,2
1672,2
2697,1
2669,3
1681,4
157,5
2207,6
1188,5
966,2
678,6
1193,4
682,1
683,1
173,2
175,2
694,0
1719,3
184,2
1211,6
2241,4
194,2
2245,3
460,6
205,2
207,2
1745,4
723,0
1238,6
219,2
1244,1
1246,1
549,1
1253,1
230,2
233,6
93,5
1263,4
240,3
243,3
1270,4
2297,0
2303,0
770,0
1798,3
775,4
776,6
268,0
687,1
1814,5
1816,3
1306,4
1824,1
1316,5
297,0
1835,3
1327,2
819,0
1845,0
2360,0
2363,3
1340,0
320,6
1860,0
2376,3
1865,0
2018,1
2382,2
2383,3
2387,5
340,0
861,2
2398,1
741,0
1380,4
878,4
1397,3
1399,3
376,6
383,0
389,2
903,4
407,0
414,0
1954,5
2468,5
2470,6
1970,6
1977,5
1980,5
1985,1
1014,2
454,1
968,2
2506,6
459,6
1996,3
1486,5
976,2
2517,3
473,1
2011,3
2012,3
2015,5
1506,6
483,6
2543,5
502,6
767,1
