1,5
516,3
10,5
11,5
534,1
535,1
2073,6
2077,2
542,1
543,1
1568,6
548,1
550,1
1065,0
1579,3
560,4
2609,3
1587,4
1078,1
1080,4
1082,4
2114,0
2120,6
1609,4
1208,4
2643,1
86,5
2648,5
90,5
1115,0
1116,6
2142,2
1121,1
1123,1
100,5
1638,0
1980,5
1649,2
2169,3
1665,2
642,6
1157,3
2182,0
1671,2
1673,2
2704,0
2204,3
669,3
1028,1
672,4
1185,3
163,5
1700,0
166,5
568,4
1192,4
1708,4
1714,0
691,0
1205,4
184,2
2233,5
1218,6
707,6
1220,6
711,3
220,2
1247,1
2273,4
2274,5
1253,1
1261,4
238,3
751,2
1264,4
753,5
246,2
253,2
1795,3
1666,2
1296,0
785,6
1302,4
2327,0
947,2
133,5
800,2
1827,1
646,6
807,6
2348,1
1839,3
2353,0
1331,4
2361,3
2362,3
315,6
2364,0
317,6
1344,1
322,6
1347,2
843,3
848,4
337,0
856,2
1509,6
1889,1
871,1
361,4
1389,4
879,3
884,4
374,1
2433,0
1417,0
396,0
397,2
1944,5
1435,3
1951,5
1440,2
1953,5
419,0
932,2
1958,6
1446,2
1966,1
433,0
1459,3
956,5
1474,3
1480,6
1188,5
1502,0
1073,3
2536,5
490,6
1012,6
2042,6
