2561,2
3078,2
8,0
11,0
600,3
1044,0
2069,1
24,0
3101,1
546,2
347,1
1572,2
3109,1
1576,3
1591,5
56,3
571,5
574,4
3138,4
3140,3
2119,3
2632,0
78,2
440,1
2644,0
2136,5
2651,1
3167,4
2657,3
3175,0
104,3
106,4
108,4
3187,5
2164,5
2166,0
1149,3
136,2
1644,1
139,3
146,3
1683,0
1689,0
2207,3
3232,4
1211,3
1214,0
3266,4
707,3
708,0
1736,3
713,5
2765,4
888,2
2258,2
1059,1
1245,1
2788,2
1765,5
233,5
2284,1
240,5
3314,2
2293,0
1271,1
2296,0
249,1
1788,5
1280,5
299,1
1291,5
2831,4
1083,3
786,4
288,1
294,4
2345,0
1322,0
2859,0
3208,4
323,2
1870,3
338,2
2902,4
1369,3
346,1
1883,0
349,2
1378,3
1379,3
2919,5
879,1
1912,0
2426,4
390,5
2439,5
1416,2
394,5
1424,4
1431,1
68,1
2466,0
419,2
2988,4
2488,5
1468,4
1469,4
958,1
447,4
1985,2
2007,2
472,5
3041,2
1617,1
3051,4
2540,5
3000,5
2041,2
2042,2
1023,3
