2,0
3076,0
520,5
1036,0
3085,2
3087,5
1553,1
20,3
2223,2
1564,2
1061,4
1576,3
2603,0
2605,4
2100,1
566,1
2103,1
2113,0
2627,5
580,3
1099,3
76,3
85,2
3172,0
2144,5
2658,5
99,2
1124,5
1041,0
105,1
1133,3
636,3
1813,4
2179,4
645,2
1158,0
2185,5
2699,1
1164,3
1172,3
2709,3
156,1
158,2
2209,3
2614,4
2732,1
1199,1
1712,1
2742,0
1213,3
2751,4
195,1
2249,4
1226,4
1228,1
2767,4
723,5
224,2
2275,3
740,5
2277,4
1771,2
1781,2
2687,1
1284,5
2464,1
2837,0
2326,5
1924,2
2853,3
1837,0
815,2
1330,1
2373,1
2188,5
842,3
2382,0
848,4
2897,0
2386,5
2389,4
1366,0
857,2
351,5
352,1
2805,0
867,4
1382,0
1389,4
369,3
2419,4
2934,0
747,5
388,5
2953,3
1932,5
914,2
2451,4
1950,3
928,5
1954,2
425,2
429,0
434,0
2487,4
952,5
1983,1
2976,2
453,0
2511,3
979,4
1500,1
481,2
2022,5
2535,3
2027,2
2542,4
2545,4
1523,1
2554,2
