1536,4
2489,5
516,2
3087,5
528,2
1553,1
3092,0
2079,3
1058,3
2083,3
1060,1
2091,1
1071,2
1072,2
1587,0
2612,4
3129,2
574,4
1101,4
1616,0
1520,1
2647,4
3160,4
601,4
605,2
95,3
2152,4
110,4
2159,1
3184,4
1649,1
2674,4
118,4
2679,3
2680,0
2170,4
3201,3
2694,3
1162,3
1675,0
1164,3
3226,0
1181,1
2718,5
1183,1
1187,4
679,5
169,2
682,5
2221,3
1712,1
3260,0
2245,2
711,2
207,5
2774,3
727,5
3294,3
1488,0
1255,5
1769,1
1259,2
236,2
1773,3
2298,0
1277,5
2303,5
2826,5
779,3
1813,4
1814,4
2327,2
1317,1
1527,3
2347,0
300,1
303,1
1362,1
1364,2
2401,5
2409,0
2923,0
1913,0
891,4
1921,5
1412,3
2441,1
2956,0
2958,3
2456,5
2968,1
1690,0
929,5
930,3
1955,2
422,0
1961,1
2990,5
1970,4
3242,3
3322,5
2491,5
447,4
1953,2
2507,5
1999,0
976,4
2005,0
1495,2
2525,1
2538,5
1516,1
494,1
3056,0
497,2
1011,3
1524,2
2037,0
2551,2
3069,2
