0,60
1,38
2,126
3,22
4,83
5,93
6,13
7,73
8,162
9,163
10,68
11,31
12,104
13,91
14,82
15,34
16,21
17,26
18,125
19,53
20,41
21,10
22,5
23,100
24,77
25,46
26,71
27,42
28,102
29,69
30,20
31,37
32,143
33,106
34,124
35,3
36,36
37,48
38,92
39,63
40,52
41,2
42,58
43,57
44,85
45,14
46,27
47,84
48,40
49,90
50,44
51,67
52,61
53,95
54,56
55,111
56,107
57,72
58,8
59,9
60,66
61,141
62,79
63,6
64,74
65,39
66,23
67,130
68,64
69,147
70,0
71,47
72,65
73,118
74,25
75,76
76,30
77,7
78,55
79,35
80,12
81,112
82,121
83,185
84,96
85,11
86,43
87,28
88,99
89,94
90,108
91,15
92,62
93,18
94,78
95,101
96,19
97,16
98,97
99,24
100,51
101,109
102,32
103,59
104,120
105,0
106,20
107,65
108,8
109,37
110,3
111,20
112,8
113,21
114,39
115,97
116,6
117,18
118,10
119,32
120,95
121,8
122,10
123,39
124,20
125,67
126,46
127,27
128,10
129,8
130,48
131,63
132,13
133,2
134,112
135,20
136,20
137,60
138,10
139,11
140,39
141,18
142,2
143,7
144,39
145,13
146,20
147,32
148,53
149,11
150,20
151,8
152,12
153,11
154,162
155,10
156,8
157,8
158,94
159,18
160,39
161,20
162,12
163,57
164,60
165,8
166,73
167,8
168,10
169,2
170,8
171,48
172,41
173,11
174,69
175,32
176,11
177,10
178,37
179,3
180,8
181,37
182,18
183,7
184,2
185,8
186,23
187,112
188,28
189,20
190,57
191,38
192,11
193,34
194,13
195,23
196,51
197,48
198,38
199,21
200,8
201,60
202,31
203,22
204,0
205,10
206,51
207,31
208,10
209,39
210,3
211,8
212,10
213,37
214,43
215,57
216,57
217,13
218,11
219,8
220,11
221,37
222,8
223,79
224,39
225,32
226,22
227,20
228,23
229,8
230,97
231,11
232,39
233,95
234,32
235,8
236,26
237,20
238,20
239,83
240,67
241,11
242,20
243,10
244,63
245,51
246,141
247,11
248,39
249,63
250,76
251,11
252,10
253,10
254,12
255,130
256,39
257,13
258,38
259,8
260,13
261,8
262,37
263,37
264,39
265,12
266,31
267,37
268,71
269,18
270,11
271,64
272,57
273,34
274,13
275,8
276,12
277,34
278,8
279,11
280,23
281,11
282,10
283,3
284,32
285,57
286,25
287,31
288,38
289,94
290,12
291,11
292,8
293,11
294,9
295,31
296,32
297,31
298,8
299,6
300,11
301,7
302,39
303,51
304,8
305,97
306,2
307,41
308,11
309,21
310,13
311,11
312,10
313,34
314,10
315,23
316,7
317,20
318,20
319,8
320,13
321,11
322,2
323,38
324,67
325,8
326,13
327,94
328,104
329,37
330,8
331,37
332,8
333,60
334,13
335,37
336,20
337,23
338,10
339,10
340,5
341,8
342,106
343,48
344,73
345,20
346,37
347,11
348,30
349,57
350,60
351,0
352,3
353,23
354,48
355,112
356,8
357,20
358,11
359,163
360,8
361,32
362,48
363,27
364,42
365,10
366,11
367,18
368,13
369,8
370,11
371,12
372,57
373,51
374,25
375,48
376,13
377,25
378,20
379,10
380,8
381,64
382,10
383,10
384,65
385,13
386,8
387,51
388,94
389,37
390,26
391,24
392,8
393,8
394,47
395,10
396,8
397,21
398,126
399,21
400,7
401,11
402,57
403,60
404,32
405,38
406,40
407,11
408,42
409,90
410,8
411,10
412,20
413,8
414,0
415,31
416,23
417,20
418,13
419,25
420,126
421,21
422,125
423,32
424,37
425,68
426,3
427,101
428,121
429,11
430,25
431,8
432,48
433,11
434,38
435,12
436,48
437,8
438,60
439,3
440,48
441,10
442,23
443,9
444,12
445,8
446,2
447,31
448,83
449,13
450,15
451,19
452,8
453,11
454,10
455,8
456,10
457,73
458,8
459,109
460,8
461,37
462,8
463,20
464,39
465,74
466,10
467,2
468,8
469,20
470,64
471,55
472,93
473,37
474,124
475,32
476,57
477,60
478,71
479,48
480,31
481,10
482,23
483,9
484,39
485,55
486,12
487,109
488,10
489,48
490,38
491,0
492,0
493,10
494,32
495,8
496,25
497,12
498,61
499,48
500,23
501,8
502,74
503,42
504,9
505,13
506,12
507,12
508,6
509,12
510,13
511,11
512,3
513,10
514,7
515,63
516,10
517,8
518,99
519,12
520,8
521,107
522,20
523,84
524,25
525,13
526,25
527,5
528,5
529,41
530,72
531,37
532,25
533,32
534,2
535,11
536,18
537,8
538,11
539,8
540,0
541,9
542,67
543,51
544,13
545,13
546,32
547,11
548,76
549,14
550,9
551,11
552,8
553,44
554,25
555,8
556,69
557,39
558,8
559,32
560,25
561,24
562,20
563,10
564,8
565,8
566,22
567,18
568,23
569,39
570,8
571,13
572,10
573,8
574,99
575,13
576,8
577,31
578,30
579,8
580,8
581,68
582,41
583,0
584,8
585,83
586,20
587,12
588,31
589,41
590,31
591,11
592,31
593,12
594,23
595,8
596,60
597,14
598,96
599,65
600,106
601,48
602,13
603,12
604,11
605,5
606,8
607,59
608,11
609,65
610,18
611,141
612,2
613,10
614,57
615,13
616,25
617,10
618,84
619,9
620,51
621,31
622,48
623,23
624,8
625,8
626,15
627,90
628,48
629,41
630,7
631,59
632,2
633,34
634,38
635,13
636,94
637,8
638,101
639,118
640,10
641,0
642,11
643,48
644,47
645,96
646,8
647,10
648,11
649,8
650,90
651,9
652,23
653,5
654,0
655,38
656,18
657,11
658,32
659,8
660,13
661,38
662,10
663,23
664,12
665,23
666,59
667,12
668,12
669,60
670,8
671,57
672,11
673,108
674,12
675,60
676,20
677,10
678,7
679,2
680,40
681,10
682,46
683,8
684,10
685,10
686,8
687,48
688,8
689,12
690,60
691,57
692,10
693,20
694,39
695,23
696,25
697,51
698,32
699,8
700,18
701,25
702,11
703,10
704,31
705,11
706,48
707,11
708,13
709,60
710,74
711,67
712,69
713,47
714,60
715,8
716,8
717,48
718,118
719,8
720,13
721,25
722,48
723,8
724,60
725,38
726,11
727,25
728,13
729,10
730,0
731,10
732,8
733,2
734,11
735,18
736,32
737,8
738,104
739,60
740,97
741,8
742,23
743,8
744,13
745,31
746,10
747,37
748,13
749,59
750,93
751,10
752,9
753,94
754,20
755,8
756,8
757,12
758,8
759,73
760,8
761,10
762,0
763,63
764,60
765,13
766,13
767,32
768,35
769,10
770,13
771,13
772,11
773,10
774,12
775,10
776,31
777,108
778,109
779,51
780,104
781,100
782,63
783,67
784,9
785,95
786,10
787,26
788,94
789,8
790,7
791,53
792,19
793,111
794,13
795,32
796,34
797,20
798,51
799,6
800,23
801,21
802,3
803,163
804,35
805,8
806,19
807,11
808,20
809,8
810,23
811,0
812,38
813,104
814,8
815,112
816,19
817,23
818,8
819,13
820,48
821,11
822,14
823,23
824,8
825,42
826,59
827,14
828,41
829,11
830,34
831,12
832,11
833,8
834,2
835,32
836,8
837,39
838,13
839,36
840,8
841,14
842,10
843,10
844,25
845,2
846,23
847,8
848,13
849,3
850,11
851,8
852,8
853,25
854,8
855,13
856,8
857,94
858,60
859,10
860,8
861,48
862,10
863,12
864,6
865,8
866,48
867,6
868,8
869,2
870,97
871,11
872,32
873,20
874,8
875,143
876,8
877,83
878,24
879,8
880,67
881,9
882,41
883,9
884,32
885,42
886,15
887,99
888,41
889,12
890,20
891,12
892,11
893,120
894,71
895,8
896,59
897,59
898,13
899,106
900,10
901,30
902,20
903,32
904,23
905,11
906,10
907,57
908,20
909,2
910,43
911,60
912,11
913,37
914,32
915,11
916,10
917,37
918,20
919,10
920,13
921,12
922,9
923,12
924,106
925,8
926,6
927,11
928,23
929,96
930,48
931,10
932,97
933,60
934,11
935,10
936,60
937,47
938,125
939,8
940,10
941,0
942,10
943,8
944,10
945,77
946,2
947,8
948,6
949,69
950,2
951,10
952,0
953,23
954,13
955,31
956,19
957,42
958,10
959,37
960,10
961,8
962,48
963,53
964,48
965,12
966,0
967,39
968,63
969,83
970,85
971,25
972,64
973,82
974,34
975,12
976,10
977,63
978,32
979,23
980,10
981,112
982,38
983,13
984,25
985,12
986,15
987,20
988,25
989,67
990,64
991,41
992,12
993,41
994,24
995,8
996,8
997,12
998,25
999,23
1000,7
1001,83
1002,10
1003,109
1004,23
1005,21
1006,11
1007,2
1008,13
1009,37
1010,11
1011,39
1012,3
1013,13
1014,53
1015,51
1016,20
1017,25
1018,21
1019,8
1020,36
1021,24
1022,39
1023,2
1024,20
1025,25
1026,12
1027,37
1028,10
1029,23
1030,22
1031,20
1032,2
1033,53
1034,11
1035,8
1036,11
1037,48
1038,60
1039,18
1040,26
1041,104
1042,20
1043,24
1044,25
1045,48
1046,73
1047,9
1048,106
1049,11
1050,18
1051,41
1052,52
1053,8
1054,48
1055,141
1056,104
1057,32
1058,48
1059,43
1060,59
1061,13
1062,8
1063,71
1064,2
1065,10
1066,2
1067,60
1068,48
1069,48
1070,2
1071,104
1072,46
1073,31
