1536,4
2049,5
1031,3
2570,5
1041,0
1042,0
3092,0
23,0
547,3
39,2
1578,4
1580,0
2093,1
2094,1
1073,3
3123,5
567,4
56,3
57,1
2622,4
2741,4
3140,3
2118,5
3147,0
3149,4
2641,1
602,2
1634,1
3089,1
107,4
1137,5
1214,0
2678,0
631,2
1131,3
2699,1
3212,5
2190,0
151,2
2202,5
670,5
1189,1
881,3
3241,2
1717,2
189,4
2750,4
1730,3
2245,2
1313,2
1228,1
1232,3
212,5
727,5
3289,0
1243,1
3293,0
3299,0
1253,4
751,3
2289,4
760,2
249,1
2817,5
1284,5
2518,3
784,2
1411,3
2324,5
789,5
792,0
793,0
796,3
285,1
1310,3
289,2
2854,2
297,1
2353,0
2869,4
1846,2
1336,4
827,1
2376,3
1353,4
843,1
845,4
341,5
2906,2
356,1
1897,3
2411,2
366,5
880,1
2417,0
1907,0
1399,0
892,4
385,1
899,1
1420,5
397,5
1422,4
1423,4
1424,4
915,2
1942,0
2997,0
1435,3
935,5
1963,1
2485,5
1979,2
1990,3
3018,2
2006,2
2524,3
2529,3
2041,2
2044,4
