2562,2
2051,4
521,0
3093,4
2598,4
3111,5
1066,5
2606,5
1118,5
95,3
65,3
3138,4
2115,0
183,4
1102,3
2639,4
2131,4
2830,0
2138,5
94,1
2655,4
3170,1
3177,2
3178,5
2669,2
3184,4
115,0
628,1
2677,0
631,2
637,3
2687,1
3206,0
139,3
140,2
3267,4
660,0
1690,0
2715,2
668,1
669,5
3232,4
2723,2
680,5
1705,0
2845,2
1736,3
2227,0
692,4
2154,4
1206,1
2231,2
2744,2
2243,1
712,2
3273,3
719,1
209,3
1753,1
2767,4
1254,3
746,5
241,2
242,0
2805,0
2301,3
2816,5
1282,5
2821,3
1294,5
789,5
2328,2
2333,5
1312,1
2850,5
803,4
1828,5
2862,4
816,0
1334,2
2874,3
828,5
831,1
1345,0
1861,0
840,1
2379,1
2380,1
2382,0
852,4
2904,0
1373,3
2931,1
380,2
1412,3
2956,0
397,5
2962,4
2457,2
1434,3
1947,0
932,5
2982,4
2986,2
1456,4
433,1
1977,1
954,3
1979,2
843,1
969,0
1997,3
467,2
2524,3
989,3
3048,3
1513,1
2026,2
3060,1
1015,5
