2055,4
1547,1
2063,4
1467,1
548,2
556,5
690,4
2606,5
1971,1
2613,4
2102,5
55,3
1599,0
66,5
580,3
1974,5
1617,1
1618,1
1624,1
2917,4
1120,3
610,2
1979,2
1127,2
2673,2
3193,0
3265,0
1161,3
138,5
3214,5
1168,1
3222,3
3223,4
2206,3
163,5
625,5
680,5
2222,3
3250,5
3258,2
2748,4
1216,3
2241,4
2250,2
717,0
1237,4
729,1
219,2
3294,3
2000,0
3300,5
2789,2
2791,2
2280,4
1769,1
236,2
1270,2
2815,3
2306,0
772,4
470,5
2433,4
1803,2
1811,4
2841,0
1310,3
2851,5
810,4
1838,1
2353,0
311,4
1079,3
845,4
1360,1
2899,4
142,3
1369,3
346,1
349,2
1886,0
1893,2
2920,0
1386,2
881,3
885,0
1405,5
490,0
903,5
1418,0
2444,1
1940,0
2969,1
1950,3
1959,0
936,5
947,5
2998,0
2999,2
3003,5
2492,4
1982,0
448,4
2503,0
1995,3
1998,4
2511,3
1488,0
1494,2
2519,3
989,3
3040,1
3041,2
482,2
1509,1
1510,1
1514,1
594,0
3061,1
505,1
1791,5
