1536,4
1024,4
427,2
518,3
1545,3
526,4
17,4
2073,6
1562,6
543,1
2598,3
2087,3
50,5
1077,1
1078,1
56,5
570,0
2624,3
2631,3
1096,4
74,5
1612,3
77,5
1106,0
90,5
2139,6
1116,6
1629,0
1119,4
97,5
610,0
1639,5
1134,6
1647,0
1139,1
2678,0
2682,4
636,6
637,6
1662,5
1663,5
1152,1
1985,1
2697,1
1164,5
1678,2
658,3
537,1
1180,4
669,3
1183,1
1700,0
1200,4
1713,0
2229,4
703,6
194,2
1251,1
177,2
211,2
889,6
1756,0
2271,4
2275,3
229,2
743,0
744,2
233,6
1260,4
2289,1
1266,4
1779,3
756,5
1781,0
2299,1
253,2
767,1
257,4
261,2
262,2
1799,3
2348,1
1290,4
1805,3
1294,0
1810,5
2331,3
292,0
1830,1
1831,1
1324,2
1586,1
302,0
1331,4
1673,2
1853,6
831,2
1346,2
836,0
338,0
339,4
2390,5
1367,3
355,4
359,1
2409,0
362,4
1398,3
2281,3
2452,5
1925,3
1121,1
1416,4
396,0
2445,5
1934,0
2450,3
916,6
1944,5
415,2
933,2
71,5
948,2
949,2
950,2
1463,3
957,2
1983,5
2497,5
456,6
460,6
999,6
488,6
1518,6
495,1
1520,6
1521,6
499,6
2039,0
2553,5
