1538,2
685,2
23,0
2594,2
551,2
1576,3
1582,0
3121,5
2098,1
1079,3
64,3
577,4
2627,5
584,1
2122,5
1102,3
1625,1
602,2
2575,1
3209,0
2143,1
107,4
1133,3
872,1
1650,1
1144,5
3196,2
1665,2
2667,5
3204,3
3206,0
1673,0
535,1
1165,2
2192,2
657,4
149,2
3222,3
1693,4
670,5
2719,2
2209,3
3245,1
693,3
1206,1
183,4
2746,3
705,3
3266,4
199,2
2249,4
1232,3
632,3
2266,2
3292,0
1402,4
1764,5
3301,5
1254,3
749,4
1262,4
2293,0
2807,4
1784,1
249,1
2300,3
1791,5
3031,0
1197,3
2843,1
2332,5
2845,2
1315,2
1670,5
294,4
1319,3
2268,2
299,1
2357,1
823,0
825,5
314,5
1344,0
2371,2
842,3
335,0
2401,5
145,5
360,1
877,5
369,3
885,0
1914,0
2427,0
1407,4
2950,0
906,5
2285,0
2962,4
2963,4
916,1
1429,2
2972,5
2980,0
1445,2
1963,1
2480,2
1182,1
1463,4
1983,1
1472,0
2295,5
1484,0
983,0
2013,4
2020,4
2031,4
2549,5
2815,3
511,4
