515,4
1544,3
525,6
2336,6
2578,0
1045,0
2582,3
2586,0
1053,3
2080,1
34,5
549,1
41,5
2090,5
555,4
1074,3
1590,4
568,4
58,5
2622,3
1087,1
2628,3
590,3
79,5
2128,4
2131,0
86,5
88,5
1380,4
1114,0
100,5
1127,1
618,0
1134,6
2161,3
115,5
2678,0
2171,3
2172,3
637,6
1151,0
192,2
1667,2
2692,0
1669,2
705,4
2184,0
1674,2
1677,2
1901,6
145,5
658,3
1184,1
710,3
1192,4
2218,4
174,2
541,1
691,0
181,0
696,6
1213,6
1216,6
193,2
1222,6
203,2
1234,6
1748,0
2263,1
1244,1
1245,1
1250,4
1659,6
741,0
2001,1
636,6
1260,4
753,5
2290,1
1236,2
762,6
1795,3
260,2
2309,4
1286,4
2314,6
274,0
644,6
800,2
1832,1
812,3
1325,2
1330,2
1331,4
1846,2
319,6
323,6
1866,0
843,3
1869,1
2382,2
342,4
1882,4
1885,2
356,1
871,1
872,1
365,1
2415,3
1904,0
2423,5
2431,4
898,3
901,3
2440,5
236,6
2445,5
914,0
1944,5
922,5
1438,2
1953,5
1966,1
1968,1
948,2
330,5
2497,5
968,2
969,2
2513,0
468,3
2006,3
991,4
1616,0
995,4
2024,4
490,6
1518,6
1892,1
2555,5
