2565,0
2055,3
11,5
527,4
1555,5
2592,3
2590,3
1568,6
1569,6
2595,3
41,5
1067,3
2609,3
1586,1
2108,4
1599,4
2627,3
1093,2
2120,6
2123,4
590,3
184,2
2137,5
1114,0
98,5
99,5
1127,1
2664,1
1132,1
1140,1
117,5
118,5
634,6
2188,6
2701,0
69,5
1689,0
2207,6
2209,6
676,1
2218,4
684,6
1199,6
542,1
1206,4
1720,3
185,2
1211,6
2237,3
703,6
2080,1
1227,0
207,2
211,2
1748,0
726,0
1249,4
2280,3
745,3
1775,6
752,0
757,0
760,4
764,0
765,6
775,4
1812,5
790,4
1815,3
1305,4
1821,0
1824,1
50,5
1838,3
990,4
1337,0
829,0
2366,0
1344,1
1867,0
1869,1
850,3
2387,5
852,1
343,4
233,6
1375,6
866,1
869,1
1387,4
876,4
365,1
1256,4
1396,6
1397,3
886,4
375,1
2424,5
895,6
400,0
1939,5
404,0
1431,3
1946,5
1519,6
2458,1
1438,2
1439,3
240,3
931,0
1446,2
1961,6
938,2
942,2
2333,2
950,2
884,4
1183,1
445,0
245,2
1986,1
1481,2
970,2
464,5
980,2
1102,2
885,4
985,2
1500,0
2014,4
2016,5
2533,5
2536,5
2045,5
2029,2
1021,1
1520,6
170,2
2043,2
509,3
