1030,2
2570,5
2577,2
533,1
2073,2
1050,1
2079,3
2082,2
547,3
1060,1
1063,2
1577,5
1579,4
1081,4
570,5
2619,3
3137,2
586,1
3149,4
1618,1
1119,5
3089,1
1041,0
105,1
108,4
1129,3
1153,2
1154,2
3265,0
2186,5
1164,3
1166,5
3218,5
2201,2
2208,3
2725,0
2728,0
1193,4
3248,3
2749,4
3262,1
1727,5
705,3
2248,4
3274,3
3277,4
2254,4
1743,0
209,3
210,2
1237,4
217,1
2781,2
1760,2
2274,0
3305,5
746,5
2283,1
2797,2
2798,2
2800,0
760,2
2814,3
1279,5
262,1
2177,1
779,3
271,0
1296,5
274,2
302,1
1314,2
803,4
2341,0
2342,0
2857,3
298,1
811,3
812,3
813,5
2862,4
1862,0
1352,4
2892,5
848,4
852,4
1877,0
854,4
1369,3
1375,1
1890,0
361,5
2535,3
1906,1
378,0
1921,5
392,5
907,5
400,2
913,1
2966,3
2462,2
1953,2
2481,1
1610,0
963,1
1478,4
967,4
2005,0
1498,4
3036,5
990,3
997,0
487,0
3060,1
1527,3
3066,5
767,0
2044,4
2558,0
