0,8
1,118
2,5
3,23
4,57
5,66
6,73
7,8
8,95
9,22
10,121
11,3
12,85
13,73
14,65
15,64
16,112
17,109
18,48
19,10
20,60
21,8
22,26
23,13
24,94
25,25
26,7
27,76
28,130
29,8
30,111
31,37
32,6
33,71
34,82
35,59
36,102
37,40
38,52
39,58
40,51
41,16
42,6
43,79
44,74
45,37
46,12
47,9
48,10
49,13
50,69
51,126
52,12
53,46
54,3
55,25
56,11
57,61
58,8
59,39
60,8
61,8
62,24
63,11
64,19
65,19
66,38
67,43
68,8
69,78
70,32
71,106
72,41
73,8
74,97
75,101
76,34
77,12
78,20
79,104
80,10
81,83
82,62
83,8
84,163
85,8
86,68
87,28
88,63
89,10
90,99
91,77
92,8
93,12
94,35
95,84
96,37
97,21
98,36
99,100
100,10
101,23
102,44
103,20
104,20
105,23
106,8
107,120
108,67
109,91
110,147
111,0
112,55
113,14
114,92
115,11
116,57
117,185
118,8
119,124
120,14
121,125
122,12
123,30
124,93
125,53
126,42
127,37
128,11
129,143
130,27
131,32
132,47
133,13
134,11
135,15
136,37
137,18
138,10
139,8
140,56
141,11
142,31
143,10
144,162
145,12
146,13
147,96
148,108
149,8
150,107
151,8
152,141
153,24
154,48
155,8
156,11
157,72
158,48
159,90
160,2
