1025,6
1539,1
2055,3
529,1
1042,3
887,4
686,1
2072,6
539,1
2078,2
32,5
548,1
1061,3
2087,3
348,4
2606,0
562,4
1587,4
52,5
1080,4
570,0
1119,4
2099,6
2123,4
2126,3
1105,2
1106,0
782,6
600,0
698,6
95,5
100,5
2156,5
109,5
1649,2
1655,2
1147,1
2685,4
2325,5
1156,6
1132,1
141,5
2702,0
1645,0
2192,2
24,5
147,5
1174,5
663,3
667,3
1697,3
795,6
164,5
681,4
174,2
176,2
180,2
542,1
1718,3
2234,5
1212,6
1725,3
1727,0
2242,1
1731,0
1222,6
200,2
375,1
450,6
1755,5
2683,4
1768,0
233,6
1775,6
1776,3
246,2
248,2
249,2
253,2
1284,4
1291,0
269,0
270,0
2321,4
786,3
789,4
1307,0
2333,2
806,6
1843,3
2356,2
1345,1
1861,4
2382,2
336,1
2446,5
347,6
1884,0
350,6
1889,1
2405,1
1143,1
2413,5
368,1
744,2
2421,5
745,3
889,6
1920,5
1923,6
1412,0
1416,4
1934,0
1936,4
1425,3
2212,3
2456,0
2281,3
1956,4
2470,6
1959,5
426,0
953,2
1978,5
2494,4
1474,3
1987,1
1476,4
970,2
675,4
468,3
2517,3
1785,2
473,1
2523,1
2524,0
1504,0
2018,1
1006,6
2036,6
