1544,5
525,1
19,5
1558,5
345,1
2586,5
546,2
2598,4
43,5
1073,3
3123,5
2619,3
581,2
3145,5
2636,1
84,2
3158,0
92,1
2117,0
2670,2
116,0
637,3
2175,5
1154,2
1155,1
2184,4
1162,3
142,3
2197,3
151,2
3224,4
1696,5
2211,3
2217,0
3242,3
1196,0
690,4
1720,3
1721,3
698,1
1724,5
2241,4
707,3
2757,2
2423,0
1740,4
1234,2
724,1
38,2
744,2
2796,2
241,2
1266,1
758,4
2297,0
3325,1
1279,5
768,4
1920,0
2818,5
1803,2
1295,5
2321,4
1298,2
2835,1
2836,5
2338,0
1527,3
298,1
2348,3
1844,1
2869,4
1337,4
991,4
829,3
830,2
841,1
1866,1
2379,1
2019,4
852,4
857,2
2395,2
1375,1
864,5
2917,4
2409,0
1899,5
2365,3
369,3
1911,0
888,2
896,1
386,0
1413,3
392,5
396,5
909,0
2968,1
1946,3
2458,0
2975,5
942,4
1457,4
1951,4
3010,2
3203,0
969,0
459,4
973,0
465,1
466,3
3029,5
2527,1
482,2
995,0
3044,4
2676,3
2039,0
1530,0
