520,5
1039,1
2065,2
21,3
1564,2
2077,5
2821,3
2592,2
2081,3
3106,1
2089,5
3124,4
1590,3
57,1
181,4
1088,1
2625,1
66,5
2629,5
1606,0
2657,3
3145,5
1612,0
3171,0
2133,3
1120,3
3169,5
1467,1
626,5
1652,1
629,1
2678,0
2680,0
704,0
1669,5
2182,3
1161,3
1164,3
653,2
655,2
152,2
3231,4
673,3
1197,3
2741,4
3258,2
2677,0
2240,4
1056,3
195,1
630,2
201,2
1230,2
2769,3
722,5
724,1
2263,4
1248,2
1773,3
750,2
751,3
2810,0
1787,1
2812,4
261,1
1802,4
782,2
271,0
2832,2
787,4
2324,5
286,2
2850,5
293,2
294,4
809,4
820,0
2870,4
993,0
1081,4
1374,2
2911,1
870,5
2919,5
362,5
1392,4
1910,0
376,5
2939,0
2941,0
2948,0
1413,3
1601,0
2953,3
2446,1
2961,4
2970,4
2459,4
2978,3
421,2
2982,4
2472,2
937,1
945,1
948,1
585,5
1183,1
966,1
457,0
3019,0
2513,3
471,2
2017,4
2532,5
1510,1
1006,5
3055,0
2544,0
1015,5
2044,4
