3074,1
2057,4
3084,4
1564,2
1565,2
2593,2
547,3
1065,2
1066,5
3115,2
3121,5
3122,3
2612,4
54,0
572,2
3141,0
1095,1
592,4
1379,3
2137,3
3164,1
2653,0
2405,1
3168,4
2083,3
108,4
622,4
1654,1
3201,3
2182,3
2698,3
2704,4
2707,0
2196,5
1174,0
2209,3
1191,4
2731,1
1197,3
1712,1
2419,4
2228,0
3253,5
1210,1
2758,2
716,5
1741,4
210,2
1747,0
1913,0
231,2
148,2
451,0
1263,2
240,5
3313,5
754,4
1783,1
2299,0
2814,3
2815,3
775,4
1288,5
2314,2
2828,4
1300,2
2847,4
1835,4
815,2
2355,0
3323,1
2874,3
1162,3
3126,5
2375,3
2888,4
2889,0
334,3
1367,2
2906,2
860,5
353,1
866,5
2403,5
1381,0
2408,0
1897,3
2411,2
2418,0
3219,5
1396,3
374,1
889,0
2431,5
1411,3
2462,2
1953,2
2289,4
2473,0
3143,2
2401,5
1864,1
948,1
2489,5
956,1
1471,0
963,1
2506,5
2807,4
2513,3
983,0
1504,0
2811,4
1508,1
2537,1
1003,5
1005,5
2549,5
3064,1
506,1
