1024,4
1540,3
2055,3
685,6
2064,3
23,5
1399,3
1062,0
2599,3
2600,3
1655,2
556,4
560,4
50,5
51,5
1588,4
1077,1
1080,4
1595,3
573,4
63,5
66,6
2627,3
1610,0
1614,0
2639,0
1104,2
1618,3
1621,5
2648,5
1117,5
2144,6
1634,4
2664,1
2669,3
2158,6
1139,1
116,5
1143,1
633,6
1151,0
1667,2
1671,2
535,1
2705,0
147,5
1684,3
149,5
2198,0
1184,1
674,1
2215,0
170,2
1197,6
1204,4
372,1
186,2
1726,0
1728,3
1729,4
887,4
2252,5
722,2
1236,2
2263,1
2265,2
2279,3
1257,4
746,3
1771,0
236,6
1263,4
2289,1
382,0
247,2
763,6
2302,0
768,4
1793,4
263,2
1802,6
268,0
787,4
2324,5
1326,2
791,3
2328,0
1306,4
797,4
2011,3
295,0
1322,1
299,0
2348,1
814,0
1330,2
2099,6
2356,2
52,5
565,4
1863,5
2384,3
2387,5
852,1
853,6
1368,3
1370,6
871,1
872,1
364,1
877,0
368,1
1393,6
1396,6
2024,4
2423,5
2424,5
894,6
2536,5
923,4
1437,3
929,0
2468,5
933,2
2471,6
1449,2
1962,2
1977,5
2491,3
444,0
1986,1
969,2
1103,2
2017,1
486,6
488,6
1516,6
2029,2
2042,6
1022,1
