3,4
2565,4
1033,2
1034,0
524,4
1555,0
3093,4
1882,0
2598,4
3112,5
1117,5
2612,4
1079,3
569,4
1595,0
522,1
2622,4
1600,0
1622,1
3161,4
2651,1
2653,0
1631,1
1636,2
1637,1
2152,4
3178,5
2674,4
2166,0
120,0
638,1
2688,0
3201,3
643,2
1157,0
2696,3
1162,3
140,2
2498,1
2709,3
665,2
1697,5
2930,5
285,1
2226,1
181,4
187,4
2752,4
2758,2
1739,5
1230,2
1242,3
2269,2
3294,3
3295,4
807,2
1774,2
754,4
3319,5
770,3
2825,5
2321,4
1811,4
1817,1
797,1
389,5
291,1
2343,0
2857,3
95,3
1328,0
817,0
2365,3
833,3
2884,5
1349,0
326,1
333,0
1368,2
1370,5
2398,0
1887,0
865,5
2407,4
361,5
3133,2
881,3
370,1
376,5
895,3
900,2
2437,5
1928,2
905,2
909,0
911,2
1938,5
1428,3
918,1
1434,3
1435,3
1861,0
1445,2
2992,5
2996,0
439,1
955,1
1468,4
1525,3
960,1
1986,2
1526,3
247,1
3040,1
2022,5
3048,3
1010,5
501,2
1014,5
2551,2
