1539,1
2390,5
523,4
2572,3
1550,5
530,1
2051,2
532,1
2581,3
1558,6
1054,3
1568,6
2595,3
2087,3
556,4
2101,5
59,5
1802,6
1598,2
2628,3
1207,4
1100,0
77,5
1103,2
1616,0
81,5
1117,5
94,5
99,5
2151,6
1144,1
123,5
2172,3
2177,3
1159,1
962,2
1679,4
656,3
145,5
1683,5
664,3
1178,4
2205,3
1184,1
172,2
2221,0
1198,0
687,1
1736,5
690,0
692,6
693,6
2249,4
184,2
1824,1
706,6
2246,3
200,2
1740,4
204,2
120,5
725,0
2262,1
221,2
2270,4
1759,0
224,2
2276,3
1253,1
230,2
234,6
748,0
1263,4
1776,3
1777,3
1276,4
1791,3
2314,6
790,4
281,0
2334,5
1312,5
1828,1
1829,1
809,6
298,0
300,0
1325,2
2356,2
1847,0
312,6
2365,0
1343,0
1348,2
838,0
1677,2
1872,3
337,0
342,4
1879,4
592,0
1373,1
868,1
2405,1
1681,4
1384,4
1853,6
1396,6
374,1
888,5
1402,3
896,6
400,0
2449,6
2452,5
1942,5
926,4
415,2
423,0
938,2
1967,1
2480,3
1438,2
1986,1
2500,5
969,2
2000,0
2001,1
1077,1
992,3
2128,4
1507,6
2021,4
1512,6
489,6
1006,6
2031,4
1008,4
1012,6
1016,2
