2564,1
519,4
2568,0
521,4
1041,0
2068,3
534,1
1049,3
2588,3
32,5
545,1
40,5
2604,3
1032,6
2613,3
567,4
1082,4
571,4
572,0
1598,2
1089,4
2120,6
1102,2
85,5
2144,6
1134,6
115,5
2169,3
2170,3
638,6
639,0
640,0
2179,6
1158,3
2696,1
650,6
1677,2
660,0
2073,6
665,3
155,5
2204,3
672,4
2210,3
676,1
2213,3
686,1
1212,6
194,2
801,0
202,2
203,2
1740,4
205,2
1230,0
207,2
1748,0
2269,5
1246,1
2275,3
1252,4
2277,3
231,1
1259,4
239,3
2003,1
1780,5
246,2
247,2
248,2
1236,2
258,6
1283,4
1798,3
1802,6
2317,4
473,1
1816,3
1312,5
289,0
1832,1
2348,1
1848,4
1338,0
1856,5
1864,0
55,2
2385,0
1879,4
861,2
1375,6
1377,6
2619,3
869,1
363,5
366,4
2420,0
885,4
886,4
375,1
1912,0
2431,4
1408,0
1931,0
398,0
1935,3
2457,6
2458,1
926,4
1952,5
1691,0
2468,5
1957,6
422,0
937,2
938,2
1967,1
1972,5
1973,5
952,2
965,2
1992,5
2505,1
461,6
1486,5
465,5
1955,5
983,2
1497,5
2011,3
2527,5
2017,1
1508,6
1510,6
490,6
494,1
496,1
1014,2
1527,6
506,4
