0,60
1,38
2,126
3,22
4,83
5,93
6,13
7,73
8,162
9,163
10,68
11,31
12,104
13,91
14,82
15,34
16,21
17,26
18,125
19,53
20,41
21,10
22,5
23,100
24,77
25,46
26,71
27,42
28,102
29,69
30,20
31,37
32,143
33,106
34,124
35,3
36,36
37,48
38,92
39,63
40,52
41,2
42,58
43,57
44,85
45,14
46,27
47,84
48,40
49,90
50,44
51,67
52,61
53,95
54,56
55,111
56,107
57,72
58,8
59,9
60,66
61,141
62,79
63,6
64,74
65,39
66,23
67,130
68,64
69,147
70,0
71,47
72,65
73,118
74,25
75,76
76,30
77,7
78,55
79,35
80,12
81,112
82,121
83,185
84,96
85,11
86,43
87,28
88,99
89,94
90,108
91,15
92,62
93,18
94,78
95,101
96,19
97,16
98,97
99,24
100,51
101,109
102,32
103,59
104,120
