1035,0
2573,2
15,1
2580,4
2583,2
2587,2
2076,3
544,4
1057,3
1060,1
43,5
2604,4
559,3
3128,3
573,4
62,3
1088,1
580,3
582,2
3143,2
1097,4
1099,3
1101,4
2640,4
2647,4
90,1
1635,1
1128,3
1130,3
111,0
2160,5
114,0
2683,2
1152,5
129,2
1673,0
1172,3
1685,4
1175,1
3159,4
3228,2
1188,1
28,1
1196,0
2760,2
691,4
180,5
2747,5
189,4
705,3
194,2
707,3
198,2
3272,0
803,4
2121,4
1247,1
3296,2
2273,0
1762,5
1764,5
746,5
2800,0
1784,1
2813,3
2302,5
2305,2
2307,0
787,4
790,4
1328,0
2851,5
1833,1
816,0
2867,5
820,0
823,0
1337,4
1851,2
2366,5
324,1
844,1
2896,0
1893,2
1383,3
874,5
2411,2
366,5
1085,5
2420,0
1917,0
1406,0
2433,4
899,1
907,5
1427,2
2468,2
1450,1
2993,3
2482,1
1461,3
1463,4
2496,0
2497,1
2498,1
2499,5
967,4
2508,5
466,3
2004,1
982,0
3031,0
989,3
2534,5
2023,2
3048,3
1277,5
1011,3
3064,1
3069,2
