2560,0
5,5
7,5
17,4
1554,5
1555,5
532,1
260,2
538,1
2183,0
1055,3
1572,6
1063,0
2088,3
860,2
1081,1
558,4
1071,3
1971,5
1077,1
2102,5
2615,3
948,2
1595,3
352,4
2626,3
1095,4
1609,4
1098,0
76,5
1103,2
1619,0
603,0
1126,3
617,0
1642,0
2157,5
2673,0
2674,0
2067,3
1140,1
129,5
2691,0
1670,2
1671,2
649,6
1675,4
1681,4
2706,0
1175,5
156,5
2208,6
2213,3
682,1
175,2
182,2
184,2
1029,1
189,2
702,6
1215,6
2243,1
1222,6
713,4
2255,6
208,2
1746,4
213,2
1245,1
1247,1
1575,3
1775,6
1788,3
2308,0
262,2
1292,0
1810,5
278,0
1317,5
1830,1
1323,1
1673,2
314,6
316,6
322,6
2372,5
325,5
326,5
2386,6
2398,1
1365,3
343,4
348,4
862,2
2400,0
354,4
869,1
1894,4
2407,1
1385,4
2412,5
365,1
1909,5
1402,3
891,6
384,0
1930,0
1090,4
915,6
919,4
1348,2
1955,5
1862,4
425,0
1452,2
1967,1
1459,3
2484,3
949,2
2490,3
2035,3
1184,1
1479,3
1483,2
1490,4
2515,3
1494,0
2012,3
1018,2
1506,6
484,6
2022,4
2536,5
2031,4
496,1
498,6
499,6
504,6
852,1
2042,6
