2053,1
2057,3
12,5
526,4
2576,0
2578,0
533,1
534,1
2072,6
687,1
1571,4
1061,3
2599,3
560,4
566,4
1079,4
2631,3
1098,0
78,5
1617,0
2644,1
85,5
1623,0
91,5
1119,4
2145,5
1123,1
617,0
2162,3
1139,1
2165,3
120,5
1145,1
642,6
1156,6
1558,6
651,6
2188,6
2191,0
1680,4
1169,5
660,0
1173,5
154,5
162,2
166,5
168,5
1710,0
175,2
689,1
371,1
183,2
699,4
190,2
704,6
193,2
2243,1
2248,0
713,4
203,2
208,2
214,3
221,2
549,1
1256,4
1774,6
1776,3
1778,3
245,2
1275,4
253,2
2303,0
2309,4
777,6
778,4
1294,0
1810,5
278,0
1310,5
2335,5
2343,3
2347,1
2350,0
817,3
819,0
2014,4
2358,6
2361,3
826,3
480,6
1347,2
1846,2
840,3
567,4
2018,1
341,2
313,6
2392,0
1377,6
868,1
1381,0
870,1
1896,4
915,6
2425,1
2431,4
896,6
2437,4
1931,0
397,2
661,3
1939,5
2452,5
2460,3
1444,0
935,2
1458,1
438,0
962,2
2499,5
964,2
1481,2
971,2
1485,5
1487,5
1489,4
980,2
478,3
992,3
481,6
1506,6
997,6
2471,6
2542,5
1519,6
1525,4
869,1
505,3
767,1
509,3
