2561,2
3081,2
3086,5
3096,3
2991,5
2588,2
3102,5
2079,3
1578,4
2091,1
1582,0
2096,2
566,1
2615,4
1596,0
64,3
3137,2
3140,3
1095,1
2640,4
83,1
1112,1
89,0
2145,5
3175,0
104,3
107,4
3182,0
3186,1
2675,0
628,1
117,4
638,1
1985,2
2192,2
2705,1
659,4
3224,4
2720,2
1697,5
1186,4
1699,1
1702,0
2215,3
1052,5
1651,1
1725,5
190,2
1141,1
2753,4
2759,2
2248,4
1746,0
212,5
2266,2
1243,1
1252,4
1772,3
3282,0
2798,2
2296,0
250,0
2813,3
3326,4
2306,0
1285,5
1799,1
786,4
2333,5
2863,4
2865,2
311,4
2881,2
1079,3
1356,0
1877,0
1881,0
540,2
2211,3
361,5
875,2
2414,0
2418,0
1396,3
2940,0
1412,3
2953,3
2446,1
2712,5
2962,4
2963,4
917,1
1430,1
2968,1
1434,3
2971,5
1949,3
1955,2
1448,4
1449,1
1455,4
2657,3
1468,4
3007,5
672,5
3011,3
1990,3
1993,2
2723,2
989,3
3038,5
479,5
488,0
3052,5
3053,2
1006,5
2034,1
1107,5
2040,0
1023,3
