514,3
1027,4
1542,3
769,1
526,4
529,1
2580,3
1557,6
2071,6
539,1
1568,6
547,4
558,4
2653,0
1586,1
1075,1
1081,1
1594,0
2112,0
2625,3
2627,3
69,5
2123,4
2127,3
2139,6
2141,2
1127,1
2668,0
2669,3
2670,3
125,5
2069,3
1152,1
133,5
646,6
2190,0
1169,5
2158,6
1176,5
1689,0
159,5
166,5
1193,4
2225,4
699,4
1725,3
637,6
1217,6
1219,6
2338,3
722,2
723,0
1236,2
2265,2
219,2
221,2
2273,4
740,6
1254,6
2001,1
233,6
1771,0
751,2
1267,4
1270,4
212,2
2298,0
1793,4
230,2
1287,4
2520,3
792,4
1307,0
1309,5
1825,1
802,0
1243,0
1831,1
301,5
1843,3
1844,3
312,6
1337,0
317,6
1855,5
321,6
2370,0
1347,2
1350,4
841,3
1355,5
845,3
852,1
343,4
1881,4
2399,0
1890,4
2405,1
2406,1
2409,0
2411,2
883,4
2431,4
386,0
2438,5
2441,5
1943,5
399,0
1426,3
323,6
1940,5
153,5
2458,1
2459,3
1948,5
933,2
2460,3
1967,1
1458,1
1353,5
1695,3
958,2
959,2
962,2
331,2
971,2
465,5
1496,0
473,1
986,2
987,2
2530,5
2025,0
491,6
1516,6
494,1
1520,6
501,6
937,2
1021,1
