1539,5
3077,0
1964,1
2060,0
1549,1
15,1
1552,1
3097,5
86,1
2565,4
3172,0
39,2
1579,4
1604,3
2615,4
58,4
59,3
1599,0
2116,0
1614,1
85,2
1622,1
599,1
89,0
2651,1
93,4
1381,0
1635,1
1124,5
2150,3
1654,1
2694,3
137,5
3211,5
143,3
2192,2
1171,3
158,2
676,3
2213,0
2726,0
2215,3
2740,2
3255,3
698,1
2250,2
2239,4
1728,5
705,3
1730,3
2245,2
1825,5
2762,2
1228,1
212,5
1751,1
1241,5
736,5
1762,5
2788,2
2280,4
2796,2
237,2
1264,2
754,4
1321,0
2818,5
2819,3
2317,5
2831,4
786,4
1306,0
2337,2
809,4
2350,1
2873,4
2371,2
1349,0
1354,4
1870,3
847,1
1883,0
1378,3
357,1
1384,3
364,4
2927,0
2427,0
1404,4
895,3
1929,1
1421,5
913,1
920,0
1433,2
410,2
1950,3
2988,4
425,2
939,5
940,5
951,0
3000,5
1469,4
446,4
452,0
973,0
977,4
979,4
481,2
997,0
3048,3
1003,5
2540,5
2541,5
498,2
1524,2
3061,1
842,3
3071,3
