1,5
1025,6
1032,6
2059,3
1038,0
1557,6
2070,0
1075,1
1058,0
554,4
557,4
2096,3
49,5
2227,0
1076,1
1077,1
566,4
568,4
1086,1
2623,3
1089,4
1121,1
2120,6
2634,5
2125,3
1105,2
2646,5
2145,5
1122,4
2147,5
870,1
189,2
1658,6
2687,0
2179,6
2582,3
1158,3
1674,2
2701,0
2192,2
1177,2
667,3
1180,4
2211,3
1710,0
179,2
696,6
187,2
970,2
885,4
194,2
1225,4
1997,1
209,2
210,2
1827,1
725,0
2268,5
1245,1
734,0
2272,0
229,2
233,6
1770,5
211,2
1269,4
247,2
656,3
1788,3
2602,3
767,1
1803,4
1069,0
2321,4
2324,5
2521,3
2352,0
291,0
163,5
1830,1
2300,1
303,0
1328,0
563,4
1844,3
2358,6
1336,0
321,6
1078,1
332,5
853,6
855,2
860,2
353,4
1894,4
1385,4
1387,4
364,1
2419,6
1909,5
374,1
887,4
378,0
1581,3
894,6
896,6
899,3
1924,3
2113,5
1416,4
494,1
495,1
412,0
415,2
943,2
946,0
2548,5
446,6
960,2
2502,5
1991,5
457,6
458,6
973,2
467,3
2517,3
1497,5
475,5
990,4
487,6
1513,6
2011,3
2301,0
496,1
2036,6
2550,5
2523,1
2044,5
1022,1
511,3
