522,4
1550,5
1558,6
537,1
542,1
543,1
32,5
1571,4
548,1
42,5
1580,3
557,4
1071,3
1586,1
1077,1
1591,3
58,5
1887,5
63,5
2112,0
2627,3
2116,2
2637,0
1105,2
2574,3
1114,0
1116,6
2141,2
2144,6
2657,3
1124,0
102,5
2670,3
2675,0
1142,1
1144,1
1657,2
635,6
1664,2
1154,1
1669,2
1671,2
1160,6
652,6
1166,5
143,5
1687,6
1177,2
670,3
159,5
1184,1
2210,3
1188,5
678,6
679,4
1707,0
174,2
2229,4
698,6
1214,6
1216,6
1730,3
197,2
1735,0
1736,5
1747,0
2264,1
1828,1
2272,0
1764,0
1769,5
748,0
756,5
246,2
761,4
1280,4
770,0
1797,3
1286,4
263,2
1806,5
272,0
790,4
2334,5
801,0
1827,1
804,0
1319,5
810,4
1159,1
1325,2
304,0
1331,4
310,6
316,6
1857,5
2358,6
1862,4
1864,0
2381,4
693,6
341,2
1368,3
863,4
2404,1
1387,4
876,4
1903,3
1392,6
1905,2
882,4
371,1
1914,3
388,0
903,4
1934,0
2453,5
1437,3
1443,3
2469,3
1449,2
957,2
1985,1
967,2
1481,2
961,2
2011,3
477,3
1502,0
2015,5
992,3
1506,6
1511,6
2024,4
1514,6
493,6
494,1
506,4
1022,1
1023,1
