0,0
1028,2
3077,0
1035,0
2575,1
3089,1
2580,4
534,1
3096,3
1050,1
3099,4
3101,1
2053,3
2592,2
2597,2
1066,5
561,1
1076,5
2106,2
573,4
62,3
3140,3
2635,4
2130,5
3155,0
1114,0
94,1
101,2
1642,1
1383,3
621,5
1138,5
1143,1
1656,1
3092,0
1130,3
2183,4
90,1
2199,5
1688,0
602,2
2726,0
1193,4
1706,0
2222,3
3249,5
695,5
2233,4
1216,3
1730,3
3274,3
1232,3
2260,2
1237,4
3193,0
2264,2
3294,3
1248,2
2991,5
1259,2
2813,3
2305,2
770,3
263,1
1290,5
268,1
1293,5
216,1
1812,4
1815,4
1304,2
794,1
2851,5
2852,3
2342,0
1831,4
308,0
1246,5
1854,5
2869,4
2368,4
324,1
2382,0
1880,0
2447,1
860,5
2401,5
355,1
1893,2
2919,5
1900,5
2414,0
2621,2
2424,4
2426,4
2949,0
905,2
2443,2
911,2
1428,3
408,2
410,2
1964,1
1453,4
1967,0
1461,3
1465,4
2491,5
1470,0
1990,3
2503,0
974,4
467,2
2017,4
2542,4
2301,3
2037,0
2552,1
3066,5
3242,3
