2048,0
1279,4
529,1
531,1
1046,3
1559,4
260,2
2075,0
2080,1
700,6
36,5
42,5
2096,3
2610,3
2100,6
565,4
1079,4
1594,0
1084,1
62,5
66,6
1091,0
1096,4
2125,3
80,5
600,0
1625,4
92,5
2141,2
1119,4
1637,4
105,5
1133,1
626,0
115,5
1145,1
2173,3
639,0
22,5
2696,1
1673,2
139,5
2700,0
1686,3
2208,6
125,5
1139,1
1204,4
2137,5
2232,5
1212,6
1213,6
1221,6
1222,6
714,0
206,2
207,2
2260,5
223,2
226,2
1775,6
1266,4
1270,4
2071,6
1275,4
2300,1
1278,4
767,1
1323,1
1796,3
1799,3
1294,0
2323,5
1308,2
1823,6
1828,1
2341,3
2346,0
811,3
1328,0
1333,2
1846,2
1339,0
651,6
993,4
1354,5
853,6
1375,6
1376,1
1892,1
357,4
359,1
874,4
2535,5
2450,3
880,4
2622,3
374,1
375,1
1402,3
1598,2
1920,5
1413,0
1418,0
2444,3
402,0
1427,3
2453,5
2459,3
496,1
1443,3
932,2
1957,6
389,2
1450,2
1458,1
437,0
2486,0
440,0
953,2
1472,3
451,6
964,2
966,2
248,2
988,2
991,4
2017,1
2530,5
2534,5
2023,4
1000,6
1006,6
2032,3
500,6
1017,2
2042,6
1019,4
508,0
511,3
