3072,5
2051,4
3077,0
519,5
1545,2
2572,2
2477,2
1042,0
2582,1
2081,3
549,2
1579,4
559,3
1585,5
3123,5
2621,2
2111,0
2116,0
2630,0
1098,4
3148,5
3150,0
2127,1
2640,4
2138,5
2652,3
2143,1
1129,3
116,0
3190,2
1148,2
1161,3
650,2
1676,0
142,3
145,5
3218,5
2196,5
1686,4
1178,1
156,1
2205,3
3230,2
673,3
2210,1
676,3
1191,4
1194,4
3245,1
2741,4
3254,3
186,4
701,1
1727,5
1225,0
714,1
2252,4
3282,0
2776,4
1031,3
1245,1
2788,2
241,2
3320,2
2300,3
1285,5
774,4
268,1
2833,5
1815,4
1306,0
1310,3
1324,0
1342,0
831,1
324,1
329,2
1866,1
843,1
334,3
1872,2
853,4
1880,0
2020,4
2394,2
1375,1
1376,2
2916,4
359,1
1384,3
875,2
876,5
146,3
148,2
2939,0
2961,4
915,2
2030,4
2458,0
1438,2
3142,5
939,5
1452,5
429,0
1970,4
947,5
2493,0
1990,3
969,0
1995,3
974,4
2513,3
470,5
990,3
1508,1
1276,5
1006,5
3059,1
2036,1
1019,0
