514,3
2052,1
2060,6
2575,3
2582,3
1559,4
1054,3
545,1
2083,4
2598,3
2089,0
1581,3
1582,4
2097,0
2099,6
59,5
1085,1
63,5
64,5
579,0
2628,3
70,5
2121,3
1616,0
2643,1
2139,6
98,5
1125,4
1998,1
114,5
1140,1
631,0
2170,3
123,5
2692,0
1671,2
1672,2
2697,1
535,1
655,3
151,5
666,3
1181,4
674,1
1701,4
1192,4
1195,3
2229,4
698,6
703,6
1216,6
205,2
718,5
2255,6
210,2
1315,5
1486,5
1751,0
2264,1
218,2
1250,4
1763,0
229,2
2279,3
2289,1
1065,0
2297,0
895,6
1278,4
1279,4
260,2
2312,2
778,4
780,1
1293,0
1294,0
785,6
2327,0
1816,3
644,6
1308,2
475,5
1830,1
2344,0
1331,4
1844,3
1855,5
832,0
1351,5
1869,1
2382,2
1872,3
1876,5
855,2
1370,6
860,2
1375,6
1379,4
356,1
360,6
1898,0
879,3
1393,6
373,4
892,6
1429,3
385,0
1922,6
1416,4
1005,6
2115,4
1941,5
925,4
2462,0
927,0
2473,0
938,2
1968,1
949,2
960,2
1986,1
963,2
1479,3
247,2
974,2
466,5
985,2
2011,3
485,6
1000,6
2539,5
2029,2
494,1
495,1
1008,4
680,4
1526,6
2554,5
2556,5
1023,1
