0,5
1,5
2,0
3,5
4,5
5,5
6,5
7,5
8,5
9,5
10,5
11,5
12,5
13,5
14,5
15,0
16,5
17,4
18,5
19,5
20,5
21,5
22,5
23,5
24,5
25,5
26,5
27,5
28,5
29,5
30,5
31,5
32,5
33,5
34,5
35,5
36,5
37,5
38,5
39,5
40,5
41,5
42,5
43,5
44,5
45,5
46,5
47,5
48,5
49,5
50,5
51,5
52,5
53,5
54,5
55,2
56,5
57,5
58,5
59,5
60,5
61,0
62,5
63,5
64,5
65,5
66,6
67,2
68,5
69,5
70,5
71,5
72,5
73,5
74,5
75,0
76,5
77,5
78,5
79,5
80,5
81,5
82,5
83,4
84,2
85,5
86,5
87,5
88,5
89,5
90,5
91,5
92,5
93,5
94,5
95,5
96,5
97,5
98,5
99,5
100,5
101,5
102,5
103,5
104,0
105,5
106,5
107,5
108,5
109,5
110,5
111,5
112,5
113,5
114,5
115,5
116,5
117,5
118,5
119,5
120,5
121,5
122,5
123,5
124,5
125,5
126,5
127,5
128,5
129,5
130,5
131,5
132,5
133,5
134,5
135,5
136,5
137,5
138,5
139,5
140,5
141,5
142,5
143,5
144,5
145,5
146,5
147,5
148,5
149,5
150,5
151,5
152,5
153,5
154,5
155,5
156,5
157,5
158,6
159,5
160,5
161,5
162,2
163,5
164,5
165,5
166,5
167,5
168,5
169,5
170,2
171,2
172,2
173,2
174,2
175,2
176,2
177,2
178,2
179,2
180,2
181,0
182,2
183,2
184,2
185,2
186,2
187,2
188,3
189,2
190,2
191,2
192,2
193,2
194,2
195,2
196,2
197,2
198,2
199,2
200,2
201,2
202,2
203,2
204,2
205,2
206,2
207,2
208,2
209,2
210,2
211,2
212,2
213,2
214,3
215,3
216,2
217,3
218,2
219,2
220,2
221,2
222,2
223,2
224,2
225,2
226,2
227,2
228,2
229,2
230,2
231,1
232,0
233,6
234,6
235,0
236,6
237,6
238,3
239,3
240,3
241,3
242,3
243,3
244,6
245,2
246,2
247,2
248,2
249,2
250,0
251,6
252,5
253,2
254,4
255,0
256,0
257,4
258,6
259,5
260,2
261,2
262,2
263,2
264,5
265,0
266,0
267,0
268,0
269,0
270,0
271,0
272,0
273,0
274,0
275,0
276,0
277,0
278,0
279,0
280,0
281,0
282,0
283,0
284,0
285,0
286,0
287,3
288,0
289,0
290,0
291,0
292,0
293,0
294,0
295,0
296,0
297,0
298,0
299,0
300,0
301,5
302,0
303,0
304,0
305,0
306,0
307,0
308,0
309,6
310,6
311,6
312,6
313,6
314,6
315,6
316,6
317,6
318,6
319,6
320,6
321,6
322,6
323,6
324,5
325,5
326,5
327,5
328,5
329,5
330,5
331,2
332,5
333,1
334,1
335,1
336,1
337,0
338,0
339,4
340,0
341,2
342,4
343,4
344,4
345,4
346,4
347,6
348,4
349,0
350,6
351,4
352,4
353,4
354,4
355,4
356,1
357,4
358,0
359,1
360,6
361,4
362,4
363,5
364,1
365,1
366,4
367,0
368,1
369,4
370,4
371,1
372,1
373,4
374,1
375,1
376,6
377,0
378,0
379,0
380,2
381,0
382,0
383,0
384,0
385,0
386,0
387,4
388,0
389,2
390,0
391,0
392,0
393,0
394,0
395,0
396,0
397,2
398,0
399,0
400,0
401,0
402,0
403,0
404,0
405,0
406,4
407,0
408,0
409,0
410,0
411,0
412,0
413,0
414,0
415,2
416,0
417,0
418,0
419,0
420,0
421,0
422,0
423,0
424,0
425,0
426,0
427,2
428,0
429,0
430,0
431,0
432,0
433,0
434,0
435,0
436,0
437,0
438,0
439,0
440,0
441,0
442,0
443,0
444,0
445,0
446,6
447,6
448,6
449,6
450,6
451,6
452,6
453,6
454,1
455,6
456,6
457,6
458,6
459,6
460,6
461,6
462,5
463,5
464,5
465,5
466,5
467,3
468,3
469,3
470,3
471,4
472,0
473,1
474,0
475,5
476,5
477,3
478,3
479,6
480,6
481,6
482,6
483,6
484,6
485,6
486,6
487,6
488,6
489,6
490,6
491,6
492,6
493,6
494,1
495,1
496,1
497,1
498,6
499,6
500,6
501,6
502,6
503,6
504,6
505,3
506,4
507,4
508,0
509,3
510,3
511,3
512,3
513,4
514,3
515,4
516,3
517,6
518,3
519,4
520,4
521,4
522,4
523,4
524,6
525,6
526,4
527,4
528,1
529,1
530,1
531,1
532,1
533,1
534,1
535,1
536,1
537,1
538,1
539,1
540,1
541,1
542,1
543,1
544,1
545,1
546,1
547,4
548,1
549,1
550,1
551,4
552,4
553,4
554,4
555,4
556,4
557,4
558,4
559,4
560,4
561,0
562,4
563,4
564,4
565,4
566,4
567,4
568,4
569,4
570,0
571,4
572,0
573,4
574,4
575,4
576,4
577,4
578,4
579,0
580,0
581,0
582,0
583,3
584,0
585,0
586,0
587,0
588,0
589,0
590,3
591,0
592,0
593,0
594,0
595,0
596,0
597,0
598,0
599,0
600,0
601,0
602,0
603,0
604,0
605,0
606,0
607,0
608,0
609,0
610,0
611,0
612,0
613,0
614,0
615,0
616,0
617,0
618,0
619,0
620,0
621,0
622,0
623,0
624,0
625,0
626,0
627,0
628,0
629,0
630,0
631,0
632,0
633,6
634,6
635,6
636,6
637,6
638,6
639,0
640,0
641,6
642,6
643,6
644,6
645,6
646,6
647,6
648,6
649,6
650,6
651,6
652,6
653,6
654,3
655,3
656,3
657,3
658,3
659,3
660,0
661,3
662,3
663,3
664,3
665,3
666,3
667,3
668,3
669,3
670,3
671,3
672,4
673,3
674,1
675,4
676,1
677,1
678,6
679,4
680,4
681,4
682,1
683,1
684,6
685,6
686,1
687,1
688,6
689,1
690,0
691,0
692,6
693,6
694,0
695,6
696,6
697,6
698,6
699,4
700,6
701,6
702,6
703,6
704,6
705,4
706,6
707,6
708,4
709,3
710,3
711,3
712,3
713,4
714,0
715,0
716,0
717,0
718,5
719,0
720,0
721,5
722,2
723,0
724,0
725,0
726,0
727,0
728,0
729,0
730,0
731,0
732,0
733,2
734,0
735,0
736,3
737,0
738,0
739,0
740,6
741,0
742,0
743,0
744,2
745,3
746,3
747,0
748,0
749,0
750,3
751,2
752,0
753,5
754,0
755,0
756,5
757,0
758,0
759,0
760,4
761,4
762,6
763,6
764,0
765,6
766,0
767,1
768,4
769,1
770,0
771,4
772,0
773,3
774,0
775,4
776,6
777,6
778,4
779,4
780,1
781,4
782,6
783,4
784,4
785,6
786,3
787,4
788,4
789,4
790,4
791,3
792,4
793,1
794,4
795,6
796,6
797,4
798,4
799,6
800,2
801,0
802,0
803,4
804,0
805,6
806,6
807,6
808,1
809,6
810,4
811,3
812,3
813,0
814,0
815,0
816,3
817,3
818,3
819,0
820,0
821,3
822,0
823,0
824,0
825,0
826,3
827,0
828,0
829,0
830,0
831,2
832,0
833,3
834,0
835,0
836,0
837,0
838,0
839,0
840,3
841,3
842,3
843,3
844,0
845,3
846,4
847,3
848,4
849,3
850,3
851,4
852,1
853,6
854,2
855,2
856,2
857,0
858,2
859,4
860,2
861,2
862,2
863,4
864,4
865,1
866,1
867,1
868,1
869,1
870,1
871,1
872,1
873,4
874,4
875,4
876,4
877,0
878,4
879,3
880,4
881,4
882,4
883,4
884,4
885,4
886,4
887,4
888,5
889,6
890,4
891,6
892,6
893,6
894,6
895,6
896,6
897,6
898,3
899,3
900,3
901,3
902,3
903,4
904,0
905,0
906,0
907,0
908,0
909,0
910,0
911,0
912,0
913,0
914,0
915,6
916,6
917,6
918,6
919,4
920,4
921,4
922,5
923,4
924,4
925,4
926,4
927,0
928,0
929,0
930,0
931,0
932,2
933,2
934,0
935,2
936,2
937,2
938,2
939,5
940,2
941,2
942,2
943,2
944,0
945,2
946,0
947,2
948,2
949,2
950,2
951,6
952,2
953,2
954,2
955,0
956,5
957,2
958,2
959,2
960,2
961,2
962,2
963,2
964,2
965,2
966,2
967,2
968,2
969,2
970,2
971,2
972,2
973,2
974,2
975,4
976,2
977,0
978,2
979,2
980,2
981,0
982,2
983,2
984,6
985,2
986,2
987,2
988,2
989,2
990,4
991,4
992,3
993,4
994,4
995,4
996,4
997,6
998,6
999,6
1000,6
1001,6
1002,6
1003,6
1004,6
1005,6
1006,6
1007,6
1008,4
1009,6
1010,0
1011,6
1012,6
1013,0
1014,2
1015,2
1016,2
1017,2
1018,2
1019,4
1020,0
1021,1
1022,1
1023,1
1024,4
1025,6
1026,4
1027,4
1028,1
1029,1
1030,5
1031,6
1032,6
1033,0
1034,0
1035,0
1036,0
1037,4
1038,0
1039,0
1040,0
1041,0
1042,3
1043,3
1044,3
1045,0
1046,3
1047,3
1048,3
1049,3
1050,3
1051,3
1052,3
1053,3
1054,3
1055,3
1056,3
1057,0
1058,0
1059,0
1060,0
1061,3
1062,0
1063,0
1064,0
1065,0
1066,0
1067,3
1068,0
1069,0
1070,3
1071,3
1072,3
1073,3
1074,3
1075,1
1076,1
1077,1
1078,1
1079,4
1080,4
1081,1
1082,4
1083,4
1084,1
1085,1
1086,1
1087,1
1088,1
1089,4
1090,4
1091,0
1092,0
1093,2
1094,0
1095,4
1096,4
1097,0
1098,0
1099,0
1100,0
1101,0
1102,2
1103,2
1104,2
1105,2
1106,0
1107,0
1108,0
1109,0
1110,0
1111,0
1112,0
1113,0
1114,0
1115,0
1116,6
1117,5
1118,4
1119,4
1120,4
1121,1
1122,4
1123,1
1124,0
1125,4
1126,3
1127,1
1128,1
1129,1
1130,0
1131,4
1132,1
1133,1
1134,6
1135,4
1136,0
1137,0
1138,0
1139,1
1140,1
1141,1
1142,1
1143,1
1144,1
1145,1
1146,1
1147,1
1148,0
1149,0
1150,0
1151,0
1152,1
1153,4
1154,1
1155,4
1156,6
1157,3
1158,3
1159,1
1160,6
1161,4
1162,6
1163,6
1164,5
1165,5
1166,5
1167,5
1168,2
1169,5
1170,2
1171,5
1172,5
1173,5
1174,5
1175,5
1176,5
1177,2
1178,4
1179,4
1180,4
1181,4
1182,1
1183,1
1184,1
1185,3
1186,3
1187,3
1188,5
1189,0
1190,0
1191,0
1192,4
1193,4
1194,4
1195,3
1196,4
1197,6
1198,0
1199,6
1200,4
1201,4
1202,4
1203,4
1204,4
1205,4
1206,4
1207,4
1208,4
1209,4
1210,4
1211,6
1212,6
1213,6
1214,6
1215,6
1216,6
1217,6
1218,6
1219,6
1220,6
1221,6
1222,6
1223,0
1224,0
1225,4
1226,0
1227,0
1228,0
1229,0
1230,0
1231,0
1232,0
1233,0
1234,6
1235,0
1236,2
1237,6
1238,6
1239,4
1240,6
1241,1
1242,0
1243,0
1244,1
1245,1
1246,1
1247,1
1248,1
1249,4
1250,4
1251,1
1252,4
1253,1
1254,6
1255,4
1256,4
1257,4
1258,4
1259,4
1260,4
1261,4
1262,4
1263,4
1264,4
1265,4
1266,4
1267,4
1268,4
1269,4
1270,4
1271,4
1272,4
1273,4
1274,4
1275,4
1276,4
1277,3
1278,4
1279,4
1280,4
1281,4
1282,4
1283,4
1284,4
1285,4
1286,4
1287,4
1288,4
1289,4
1290,4
1291,0
1292,0
1293,0
1294,0
1295,0
1296,0
1297,0
1298,0
1299,0
1300,0
1301,0
1302,4
1303,4
1304,4
1305,4
1306,4
1307,0
1308,2
1309,5
1310,5
1311,5
1312,5
1313,5
1314,5
1315,5
1316,5
1317,5
1318,6
1319,5
1320,0
1321,0
1322,1
1323,1
1324,2
1325,2
1326,2
1327,2
1328,0
1329,0
1330,2
1331,4
1332,0
1333,2
1334,3
1335,0
1336,0
1337,0
1338,0
1339,0
1340,0
1341,0
1342,0
1343,0
1344,1
1345,1
1346,2
1347,2
1348,2
1349,4
1350,4
1351,5
1352,5
1353,5
1354,5
1355,5
1356,0
1357,0
1358,3
1359,3
1360,3
1361,3
1362,3
1363,3
1364,3
1365,3
1366,3
1367,3
1368,3
1369,6
1370,6
1371,6
1372,6
1373,1
1374,6
1375,6
1376,1
1377,6
1378,0
1379,4
1380,4
1381,0
1382,0
1383,0
1384,4
1385,4
1386,4
1387,4
1388,4
1389,4
1390,4
1391,5
1392,6
1393,6
1394,6
1395,6
1396,6
1397,3
1398,3
1399,3
1400,3
1401,3
1402,3
1403,3
1404,3
1405,3
1406,3
1407,0
1408,0
1409,0
1410,0
1411,0
1412,0
1413,0
1414,0
1415,0
1416,4
1417,0
1418,0
1419,0
1420,0
1421,0
1422,0
1423,3
1424,3
1425,3
1426,3
1427,3
1428,3
1429,3
1430,3
1431,3
1432,3
1433,3
1434,3
1435,3
1436,3
1437,3
1438,2
1439,3
1440,2
1441,2
1442,3
1443,3
1444,0
1445,5
1446,2
1447,5
1448,5
1449,2
1450,2
1451,6
1452,2
1453,0
1454,0
1455,0
1456,0
1457,0
1458,1
1459,3
1460,3
1461,3
1462,3
1463,3
1464,3
1465,3
1466,3
1467,3
1468,3
1469,3
1470,3
1471,3
1472,3
1473,4
1474,3
1475,3
1476,4
1477,3
1478,3
1479,3
1480,6
1481,2
1482,2
1483,2
1484,2
1485,5
1486,5
1487,5
1488,4
1489,4
1490,4
1491,4
1492,4
1493,0
1494,0
1495,0
1496,0
1497,5
1498,0
1499,0
1500,0
1501,0
1502,0
1503,0
1504,0
1505,4
1506,6
1507,6
1508,6
1509,6
1510,6
1511,6
1512,6
1513,6
1514,6
1515,6
1516,6
1517,6
1518,6
1519,6
1520,6
1521,6
1522,6
1523,6
1524,6
1525,4
1526,6
1527,6
1528,6
1529,6
1530,6
1531,0
1532,0
1533,4
1534,0
1535,4
1536,4
1537,4
1538,1
1539,1
1540,3
1541,3
1542,3
1543,3
1544,3
1545,3
1546,4
1547,5
1548,5
1549,5
1550,5
1551,5
1552,5
1553,5
1554,5
1555,5
1556,6
1557,6
1558,6
1559,4
1560,4
1561,6
1562,6
1563,4
1564,0
1565,0
1566,0
1567,6
1568,6
1569,6
1570,6
1571,4
1572,6
1573,6
1574,3
1575,3
1576,3
1577,3
1578,3
1579,3
1580,3
1581,3
1582,4
1583,3
1584,3
1585,0
1586,1
1587,4
1588,4
1589,3
1590,4
1591,3
1592,0
1593,0
1594,0
1595,3
1596,3
1597,3
1598,2
1599,4
1600,0
1601,0
1602,0
1603,0
1604,0
1605,0
1606,0
1607,0
1608,0
1609,4
1610,0
1611,0
1612,3
1613,3
1614,0
1615,0
1616,0
1617,0
1618,3
1619,0
1620,0
1621,5
1622,0
1623,0
1624,3
1625,4
1626,6
1627,0
1628,0
1629,0
1630,0
1631,4
1632,4
1633,4
1634,4
1635,4
1636,4
1637,4
1638,0
1639,5
1640,0
1641,0
1642,0
1643,0
1644,1
1645,0
1646,0
1647,0
1648,0
1649,2
1650,2
1651,0
1652,0
1653,4
1654,4
1655,2
1656,3
1657,2
1658,6
1659,6
1660,2
1661,0
1662,5
1663,5
1664,2
1665,2
1666,2
1667,2
1668,2
1669,2
1670,2
1671,2
1672,2
1673,2
1674,2
1675,4
1676,0
1677,2
1678,2
1679,4
1680,4
1681,4
1682,5
1683,5
1684,3
1685,3
1686,3
1687,6
1688,0
1689,0
1690,0
1691,0
1692,0
1693,0
1694,0
1695,3
1696,3
1697,3
1698,0
1699,6
1700,0
1701,4
1702,4
1703,0
1704,0
1705,0
1706,0
1707,0
1708,4
1709,0
1710,0
1711,0
1712,0
1713,0
1714,0
1715,3
1716,3
1717,3
1718,3
1719,3
1720,3
1721,3
1722,3
1723,3
1724,3
1725,3
1726,0
1727,0
1728,3
1729,4
1730,3
1731,0
1732,0
1733,0
1734,0
1735,0
1736,5
1737,0
1738,4
1739,4
1740,4
1741,0
1742,3
1743,3
1744,6
1745,4
1746,4
1747,0
1748,0
1749,0
1750,0
1751,0
1752,0
1753,0
1754,5
1755,5
1756,0
1757,0
1758,0
1759,0
1760,0
1761,0
1762,0
1763,0
1764,0
1765,0
1766,0
1767,0
1768,0
1769,5
1770,5
1771,0
1772,0
1773,0
1774,6
1775,6
1776,3
1777,3
1778,3
1779,3
1780,5
1781,0
1782,0
1783,0
1784,2
1785,2
1786,4
1787,3
1788,3
1789,3
1790,0
1791,3
1792,3
1793,4
1794,4
1795,3
1796,3
1797,3
1798,3
1799,3
1800,3
1801,3
1802,6
1803,4
1804,4
1805,3
1806,5
1807,5
1808,5
1809,5
1810,5
1811,5
1812,5
1813,5
1814,5
1815,3
1816,3
1817,3
1818,3
1819,3
1820,3
1821,0
1822,0
1823,6
1824,1
1825,1
1826,1
1827,1
1828,1
1829,1
1830,1
1831,1
1832,1
1833,0
1834,0
1835,3
1836,3
1837,3
1838,3
1839,3
1840,3
1841,3
1842,3
1843,3
1844,3
1845,0
1846,2
1847,0
1848,4
1849,3
1850,0
1851,0
1852,6
1853,6
1854,4
1855,5
1856,5
1857,5
1858,0
1859,0
1860,0
1861,4
1862,4
1863,5
1864,0
1865,0
1866,0
1867,0
1868,0
1869,1
1870,1
1871,3
1872,3
1873,5
1874,0
1875,0
1876,5
1877,3
1878,3
1879,4
1880,0
1881,4
1882,4
1883,0
1884,0
1885,2
1886,0
1887,5
1888,5
1889,1
1890,4
1891,4
1892,1
1893,4
1894,4
1895,4
1896,4
1897,0
1898,0
1899,0
1900,6
1901,6
1902,2
1903,3
1904,0
1905,2
1906,2
1907,5
1908,5
1909,5
1910,5
1911,0
1912,0
1913,3
1914,3
1915,3
1916,0
1917,0
1918,0
1919,5
1920,5
1921,0
1922,6
1923,6
1924,3
1925,3
1926,3
1927,3
1928,0
1929,0
1930,0
1931,0
1932,0
1933,0
1934,0
1935,3
1936,4
1937,5
1938,5
1939,5
1940,5
1941,5
1942,5
1943,5
1944,5
1945,5
1946,5
1947,5
1948,5
1949,5
1950,5
1951,5
1952,5
1953,5
1954,5
1955,5
1956,4
1957,6
1958,6
1959,5
1960,6
1961,6
1962,2
1963,5
1964,5
1965,4
1966,1
1967,1
1968,1
1969,0
1970,6
1971,5
1972,5
1973,5
1974,0
1975,0
1976,5
1977,5
1978,5
1979,4
1980,5
1981,0
1982,0
1983,5
1984,5
1985,1
1986,1
1987,1
1988,5
1989,0
1990,5
1991,5
1992,5
1993,5
1994,0
1995,6
1996,3
1997,1
1998,1
1999,0
2000,0
2001,1
2002,6
2003,1
2004,6
2005,4
2006,3
2007,3
2008,3
2009,3
2010,3
2011,3
2012,3
2013,3
2014,4
2015,5
2016,5
2017,1
2018,1
2019,4
2020,0
2021,4
2022,4
2023,4
2024,4
2025,0
2026,0
2027,5
2028,5
2029,2
2030,0
2031,4
2032,3
2033,3
2034,3
2035,3
2036,6
2037,6
2038,0
2039,0
2040,0
2041,0
2042,6
2043,2
2044,5
2045,5
2046,0
2047,3
2048,0
2049,0
2050,0
2051,2
2052,1
2053,1
2054,1
2055,3
2056,3
2057,3
2058,3
2059,3
2060,6
2061,6
2062,0
2063,0
2064,3
2065,3
2066,0
2067,3
2068,3
2069,3
2070,0
2071,6
2072,6
2073,6
2074,0
2075,0
2076,0
2077,2
2078,2
2079,1
2080,1
2081,0
2082,0
2083,4
2084,4
2085,3
2086,3
2087,3
2088,3
2089,0
2090,5
2091,0
2092,0
2093,0
2094,3
2095,3
2096,3
2097,0
2098,0
2099,6
2100,6
2101,5
2102,5
2103,5
2104,5
2105,5
2106,0
2107,0
2108,4
2109,5
2110,4
2111,0
2112,0
2113,5
2114,0
2115,4
2116,2
2117,0
2118,3
2119,6
2120,6
2121,3
2122,0
2123,4
2124,4
2125,3
2126,3
2127,3
2128,4
2129,0
2130,0
2131,0
2132,0
2133,0
2134,4
2135,0
2136,5
2137,5
2138,5
2139,6
2140,2
2141,2
2142,2
2143,6
2144,6
2145,5
2146,5
2147,5
2148,0
2149,0
2150,6
2151,6
2152,4
2153,5
2154,0
2155,0
2156,5
2157,5
2158,6
2159,6
2160,3
2161,3
2162,3
2163,0
2164,0
2165,3
2166,0
2167,5
2168,5
2169,3
2170,3
2171,3
2172,3
2173,3
2174,5
2175,6
2176,3
2177,3
2178,6
2179,6
2180,0
2181,0
2182,0
2183,0
2184,0
2185,0
2186,4
2187,5
2188,6
2189,6
2190,0
2191,0
2192,2
2193,0
2194,4
2195,5
2196,0
2197,0
2198,0
2199,0
2200,0
2201,0
2202,0
2203,3
2204,3
2205,3
2206,3
2207,6
2208,6
2209,6
2210,3
2211,3
2212,3
2213,3
2214,0
2215,0
2216,0
2217,4
2218,4
2219,6
2220,6
2221,0
2222,0
2223,0
2224,0
2225,4
2226,0
2227,0
2228,4
2229,4
2230,2
2231,5
2232,5
2233,5
2234,5
2235,3
2236,3
2237,3
2238,0
2239,0
2240,6
2241,4
2242,1
2243,1
2244,4
2245,3
2246,3
2247,0
2248,0
2249,4
2250,0
2251,0
2252,5
2253,5
2254,0
2255,6
2256,3
2257,5
2258,0
2259,5
2260,5
2261,5
2262,1
2263,1
2264,1
2265,2
2266,0
2267,0
2268,5
2269,5
2270,4
2271,4
2272,0
2273,4
2274,5
2275,3
2276,3
2277,3
2278,3
2279,3
2280,3
2281,3
2282,3
2283,0
2284,0
2285,0
2286,0
2287,0
2288,4
2289,1
2290,1
2291,3
2292,0
2293,0
2294,0
2295,0
2296,0
2297,0
2298,0
2299,1
2300,1
2301,0
2302,0
2303,0
2304,0
2305,0
2306,0
2307,0
2308,0
2309,4
2310,6
2311,4
2312,2
2313,0
2314,6
2315,0
2316,4
2317,4
2318,5
2319,0
2320,0
2321,4
2322,6
2323,5
2324,5
2325,5
2326,0
2327,0
2328,0
2329,0
2330,3
2331,3
2332,0
2333,2
2334,5
2335,5
2336,6
2337,6
2338,3
2339,3
2340,3
2341,3
2342,3
2343,3
2344,0
2345,0
2346,0
2347,1
2348,1
2349,1
2350,0
2351,0
2352,0
2353,0
2354,0
2355,0
2356,2
2357,5
2358,6
2359,0
2360,0
2361,3
2362,3
2363,3
2364,0
2365,0
2366,0
2367,0
2368,0
2369,0
2370,0
2371,0
2372,5
2373,5
2374,5
2375,3
2376,3
2377,3
2378,0
2379,1
2380,4
2381,4
2382,2
2383,3
2384,3
2385,0
2386,6
2387,5
2388,0
2389,0
2390,5
2391,0
2392,0
2393,0
2394,0
2395,0
2396,0
2397,0
2398,1
2399,0
2400,0
2401,0
2402,0
2403,0
2404,1
2405,1
2406,1
2407,1
2408,4
2409,0
2410,0
2411,2
2412,5
2413,5
2414,6
2415,3
2416,0
2417,0
2418,0
2419,6
2420,0
2421,5
2422,5
2423,5
2424,5
2425,1
2426,0
2427,0
2428,0
2429,0
2430,0
2431,4
2432,0
2433,0
2434,0
2435,0
2436,5
2437,4
2438,5
2439,0
2440,5
2441,5
2442,3
2443,3
2444,3
2445,5
2446,5
2447,5
2448,5
2449,6
2450,3
2451,1
2452,5
2453,5
2454,2
2455,0
2456,0
2457,6
2458,1
2459,3
2460,3
2461,4
2462,0
2463,0
2464,0
2465,0
2466,0
2467,0
2468,5
2469,3
2470,6
2471,6
2472,6
2473,0
2474,0
2475,0
2476,0
2477,0
2478,3
2479,0
2480,3
2481,3
2482,4
2483,0
2484,3
2485,0
2486,0
2487,0
2488,0
2489,0
2490,3
2491,3
2492,1
2493,4
2494,4
2495,5
2496,0
2497,5
2498,5
2499,5
2500,5
2501,5
2502,5
2503,5
2504,3
2505,1
2506,6
2507,6
2508,3
2509,3
2510,3
2511,0
2512,3
2513,0
2514,0
2515,3
2516,3
2517,3
2518,0
2519,0
2520,3
2521,3
2522,3
2523,1
2524,0
2525,4
2526,4
2527,5
2528,5
2529,5
2530,5
2531,5
2532,0
2533,5
2534,5
2535,5
2536,5
2537,5
2538,5
2539,5
2540,4
2541,0
2542,5
2543,5
2544,5
2545,5
2546,5
2547,5
2548,5
2549,5
2550,5
2551,5
2552,5
2553,5
2554,5
2555,5
2556,5
2557,5
2558,5
2559,5
2560,0
2561,0
2562,0
2563,0
2564,1
2565,0
2566,0
2567,0
2568,0
2569,0
2570,3
2571,3
2572,3
2573,3
2574,3
2575,3
2576,0
2577,0
2578,0
2579,0
2580,3
2581,3
2582,3
2583,0
2584,0
2585,0
2586,0
2587,3
2588,3
2589,3
2590,3
2591,3
2592,3
2593,3
2594,3
2595,3
2596,3
2597,3
2598,3
2599,3
2600,3
2601,3
2602,3
2603,3
2604,3
2605,3
2606,0
2607,0
2608,0
2609,3
2610,3
2611,3
2612,3
2613,3
2614,3
2615,3
2616,3
2617,0
2618,0
2619,3
2620,3
2621,3
2622,3
2623,3
2624,3
2625,3
2626,3
2627,3
2628,3
2629,3
2630,3
2631,3
2632,5
2633,5
2634,5
2635,0
2636,0
2637,0
2638,0
2639,0
2640,0
2641,0
2642,5
2643,1
2644,1
2645,5
2646,5
2647,5
2648,5
2649,6
2650,0
2651,0
2652,0
2653,0
2654,0
2655,0
2656,3
2657,3
2658,3
2659,0
2660,0
2661,0
2662,0
2663,0
2664,1
2665,0
2666,0
2667,0
2668,0
2669,3
2670,3
2671,0
2672,0
2673,0
2674,0
2675,0
2676,0
2677,0
2678,0
2679,0
2680,0
2681,0
2682,4
2683,4
2684,4
2685,4
2686,4
2687,0
2688,0
2689,0
2690,0
2691,0
2692,0
2693,0
2694,0
2695,0
2696,1
2697,1
2698,0
2699,0
2700,0
2701,0
2702,0
2703,0
2704,0
2705,0
2706,0
2707,0
