514,3
525,6
2574,3
2575,3
2068,3
1046,3
1050,3
540,1
30,5
2080,1
545,1
35,5
1007,6
2601,3
1066,0
1075,1
2142,2
2614,3
2108,4
64,5
2636,0
81,5
2645,5
1626,6
2654,0
1120,4
2659,0
2150,6
2152,4
1645,0
957,2
1128,1
1145,1
2687,0
1155,4
1669,2
136,5
1163,6
2189,6
621,0
2192,2
1681,4
663,3
664,3
1689,0
1182,1
965,2
2208,6
683,1
1710,0
2225,4
1717,3
1206,4
702,6
1730,3
1483,2
708,4
199,2
200,2
1225,4
2252,5
2264,1
219,2
222,2
1251,1
228,2
2282,3
792,4
1280,4
769,1
775,4
1807,5
1302,4
280,0
1305,4
1308,2
797,4
288,0
1825,1
292,0
1829,1
806,6
1319,5
808,1
2349,1
2350,0
1330,2
820,0
1333,2
317,6
2357,5
323,6
1348,2
1350,4
1869,1
1877,3
2401,0
60,5
2535,5
1396,6
2422,5
2425,1
1409,0
900,3
2437,4
1936,4
917,6
2454,2
665,3
1945,5
495,1
2462,0
1947,5
938,2
438,0
951,6
1976,5
2207,6
1469,3
1987,1
2501,5
459,6
504,6
468,3
1493,0
2519,0
987,2
988,2
2016,5
2531,5
2023,4
2024,4
1022,1
1519,6
500,6
2558,5
1527,6
1016,2
510,3
511,3
