522,1
1550,2
533,1
3094,0
3096,3
2588,2
2590,2
3104,5
2594,2
547,3
37,5
1064,2
2602,3
3115,2
46,2
2608,1
1587,0
3166,4
567,4
570,5
574,4
2625,1
1603,0
1092,1
3143,2
1609,0
1098,4
1612,0
80,0
594,0
3157,5
600,3
601,4
3163,0
2142,4
3167,4
1640,1
1130,3
110,4
112,0
3187,5
3194,2
3204,3
2693,1
646,2
1161,3
3215,0
3218,5
1684,5
3223,4
1177,1
155,5
1699,1
2731,1
1710,1
3250,5
2419,4
692,4
3254,3
2748,4
3261,0
1214,0
1216,3
705,3
718,1
1745,0
2083,3
729,1
3294,3
237,2
1775,2
3321,2
766,1
1280,5
2606,5
2847,4
163,5
1318,1
1835,4
1836,5
1673,0
2369,4
2370,4
1863,0
842,3
1079,3
2383,0
2385,5
2386,5
2900,4
1880,0
2908,2
2910,4
1375,1
1379,3
2535,3
371,1
1910,0
393,5
398,5
401,2
1434,3
2458,0
2465,0
2981,2
425,2
2479,5
3005,5
961,1
3011,3
1478,4
467,2
1492,2
981,3
2519,3
1498,4
1873,2
1519,1
2032,5
1522,1
