2048,0
684,6
2061,6
2062,0
531,1
532,1
2078,2
1567,6
2080,1
545,1
1574,3
2090,5
2605,3
1582,4
47,5
2612,3
2101,5
521,4
1594,0
1122,4
1596,3
577,4
1090,4
1609,4
77,5
525,6
81,5
85,5
2142,2
2143,6
2656,3
2658,3
113,5
1651,0
361,4
2068,3
1152,1
2178,6
1159,1
136,5
2125,3
2188,6
1677,2
654,3
146,5
2707,0
2244,4
2202,0
160,5
163,5
1188,5
1703,0
1192,4
1706,0
171,2
1708,4
1716,3
542,1
1718,3
1719,3
184,2
2234,5
699,4
190,2
196,2
2245,3
2252,5
1231,0
1232,0
1234,6
1235,0
212,2
1240,6
730,0
220,2
2290,1
2003,1
245,2
1784,2
249,2
250,0
1578,3
2302,0
1283,4
777,6
2316,4
1120,4
2323,5
280,0
2038,0
559,4
1824,1
1831,1
808,1
1846,2
649,6
325,5
2017,1
2376,3
2382,2
852,1
341,2
346,4
2399,0
1376,1
2407,1
872,1
2409,0
1900,6
895,6
1920,5
897,6
1924,3
1934,0
1957,6
1446,2
1009,6
1965,4
1972,5
1979,4
448,6
2497,5
1475,3
1014,2
1481,2
1527,6
2509,3
1999,0
1488,4
2515,3
982,2
1505,4
2505,1
1520,6
497,1
2035,3
500,6
2550,5
1015,2
1023,1
