2565,0
1547,5
2572,3
2072,6
2073,6
541,1
32,5
549,1
1575,3
2090,5
1067,3
2092,0
1070,3
1071,3
2610,3
564,4
1590,4
1598,2
1974,0
583,3
2120,6
2644,1
2647,5
1112,0
2652,0
2144,6
2664,1
1129,1
1134,6
111,5
631,0
1149,0
134,5
650,6
1680,4
1170,2
661,3
25,5
152,5
2202,0
1193,4
177,2
692,6
2230,2
1720,3
185,2
2243,1
200,2
2424,5
723,0
2269,5
1251,1
2279,3
745,3
1266,4
1870,1
1783,0
765,6
555,4
261,2
1799,3
264,5
44,5
784,4
1299,0
791,3
1816,3
2330,3
286,0
287,3
987,2
2182,0
2344,0
2348,1
999,6
1076,1
1852,6
1674,2
1857,5
1348,2
1861,4
1511,6
328,5
846,4
335,1
336,1
856,2
859,4
2396,0
354,4
1891,4
2404,1
359,1
362,4
363,5
1427,3
2417,0
883,4
884,4
1397,3
887,4
376,6
892,6
2437,4
2441,5
397,2
2446,5
915,6
917,6
1942,5
919,4
923,4
2466,0
933,2
935,2
940,2
1966,1
1578,3
1458,1
1462,3
2488,0
957,2
448,6
1987,1
1482,2
971,2
1999,0
334,1
1499,0
479,6
482,6
2535,5
2538,5
1515,6
1007,6
1008,4
497,1
1014,2
2043,2
1022,1
