2053,3
529,2
25,0
3099,4
1541,5
1056,3
1712,1
38,2
1579,4
560,1
2611,4
56,3
1594,0
2113,0
3139,4
580,3
2122,5
1634,1
2126,1
2656,0
2657,3
1122,5
2147,4
2665,0
624,5
2163,0
2238,0
2153,4
3192,2
1149,3
2178,4
3213,5
2193,4
1561,5
3226,0
1190,4
2727,0
3242,3
967,4
173,2
1200,1
177,2
3253,5
3254,3
190,2
1730,3
3019,0
196,2
2081,3
632,3
1234,2
1236,2
1237,4
1253,4
209,3
1257,4
2685,3
1270,2
1783,1
761,1
255,2
43,5
1801,1
2829,4
783,2
2325,3
1822,2
802,0
1319,3
296,5
476,2
810,4
812,3
303,1
1328,0
2872,4
1856,5
3318,2
835,0
2376,3
334,3
848,4
1874,2
862,5
2913,3
2405,1
2408,0
1386,2
1900,5
1901,5
1904,0
2420,0
1911,0
1401,0
899,1
2948,0
1932,5
2961,4
1518,1
2454,5
929,5
424,2
2475,0
2483,1
437,1
440,1
3002,5
2497,1
3011,3
1989,1
966,1
1953,2
1483,1
975,4
469,5
1500,1
3038,5
3053,2
2030,4
1533,5
