2560,0
512,3
683,1
2564,1
520,4
532,1
2069,3
495,1
24,5
772,0
27,5
1052,3
1566,0
550,1
554,4
1584,3
1544,3
564,4
566,4
1591,3
573,4
62,5
2113,5
2115,4
2116,2
2629,3
2641,0
1621,5
736,3
1118,4
1631,4
2145,5
98,5
1123,1
1640,0
1643,0
624,0
1149,0
638,6
1664,2
642,6
136,5
1164,5
2707,0
670,3
2209,6
1699,6
540,1
2503,5
2225,4
2233,5
186,2
1730,3
707,6
204,2
2252,5
724,0
2262,1
729,0
730,0
219,2
222,2
224,2
1250,4
740,6
230,2
2281,3
1831,1
236,6
239,3
979,2
2302,0
768,4
770,0
260,2
261,2
2311,4
1666,2
1806,5
1838,3
792,4
1310,5
1823,6
1824,1
2337,6
2342,3
561,0
1835,3
1326,2
1330,2
827,0
539,1
1857,5
1349,4
2379,1
1868,0
334,1
1366,3
343,4
347,6
1373,1
1375,6
352,4
865,1
360,6
1386,4
365,1
375,1
2672,0
1919,5
1344,1
899,3
393,0
404,0
1946,5
1263,4
1093,2
2470,6
936,2
2481,3
1970,6
953,2
1978,5
452,6
1991,5
1483,2
2515,3
2005,4
982,2
471,4
1507,6
1517,6
2557,5
496,1
1523,6
1012,6
1015,2
1529,6
509,3
1022,1
