1024,0
3,4
3078,2
1035,0
1037,0
1556,2
2137,3
1561,5
1058,3
945,1
1066,5
3116,2
3126,5
1079,3
2315,0
1607,4
1099,3
2127,1
3256,5
2645,0
88,0
601,4
2321,4
107,4
2673,2
2166,0
2171,4
1660,0
2691,4
2693,1
1159,0
1161,3
2698,3
140,2
2192,2
1693,4
2208,3
977,4
2212,0
170,2
3246,2
2223,2
1200,1
2226,1
1204,1
183,4
696,1
3264,0
1733,1
2246,2
1223,0
713,5
292,2
1761,2
1252,4
1254,3
2279,5
3308,5
1784,1
2298,0
3325,1
2814,3
255,2
768,4
779,3
2833,5
1667,4
981,3
2331,2
2844,2
1310,3
804,4
298,1
811,3
1324,0
813,5
2369,4
2883,5
838,4
225,5
328,1
852,4
2906,2
347,1
1375,1
864,5
2913,3
1384,3
361,5
2535,3
878,5
367,5
885,0
1408,0
392,5
748,4
2449,3
1943,1
1435,3
931,2
2988,4
2205,3
2481,1
2485,5
2489,5
1473,2
1990,3
3020,0
465,1
3029,5
1495,2
164,1
478,5
1509,1
3047,4
2025,1
3058,0
3063,2
1531,0
767,0
