1540,2
518,2
2057,4
1548,2
19,5
21,3
3103,5
2084,2
1573,1
1575,5
40,2
2602,3
1070,1
1800,2
3125,0
2614,4
55,3
569,4
59,3
573,4
2626,1
69,0
2122,5
587,1
1106,3
2643,0
3160,4
2145,5
1211,3
100,2
1648,1
2579,2
630,2
1147,5
2685,3
1665,2
3204,3
1671,0
707,3
667,1
2722,2
165,1
679,5
1193,4
2733,1
2233,4
3259,0
1212,3
2238,0
3267,4
710,0
3294,3
1576,3
1259,2
750,2
637,3
1777,2
2803,4
1277,5
1790,0
1281,5
1288,5
2842,2
807,2
2351,1
1335,2
2882,5
324,1
2375,3
2956,0
330,0
1360,1
1877,0
2904,0
2395,2
2916,4
1900,5
2416,0
372,1
2936,0
1402,4
385,1
2436,1
905,2
396,5
2446,1
1424,4
2453,4
1435,3
2463,1
1952,4
1441,0
930,3
2472,2
941,4
2993,3
1865,1
2489,5
3005,5
958,1
2504,5
458,0
972,0
1488,0
2002,5
3029,5
984,3
990,3
336,5
2018,1
996,0
3046,4
2540,5
2301,3
2545,4
3059,1
2729,0
1528,4
1529,4
2389,4
