1449,2
4,5
517,6
1030,5
1031,6
1546,4
523,4
15,0
2064,3
18,5
531,1
1044,3
2072,6
27,5
2589,3
2079,1
1569,6
546,1
1061,3
553,4
519,4
2095,3
1584,3
49,5
564,4
2101,5
2617,0
2632,5
585,0
2634,5
1106,0
2146,5
2152,4
2669,3
2161,3
1650,2
1143,1
635,6
638,6
1664,2
1155,4
959,2
2183,0
1388,4
1168,2
1170,2
1174,5
2202,0
2203,3
170,2
686,1
176,2
700,6
1214,6
704,6
1730,3
1222,6
1736,5
203,2
716,0
1232,0
1238,6
1239,4
1240,6
1241,1
2266,0
222,2
1253,1
1260,4
1776,3
1781,0
1784,2
2054,1
251,6
2300,1
1280,4
2347,1
1798,3
264,5
1804,4
790,4
1303,4
280,0
304,0
2340,3
2344,0
2695,0
2348,1
1325,2
2352,0
310,6
314,6
316,6
1345,1
1348,2
1349,4
2377,3
847,3
343,4
1885,2
741,0
1376,1
2412,5
2417,0
372,1
1397,3
374,1
2425,1
2426,0
2443,3
1944,5
2460,3
1178,4
2463,0
924,4
426,0
939,5
1967,1
1968,1
446,6
2495,5
2502,5
982,2
1017,2
475,5
2013,3
991,4
480,6
993,4
1515,6
2028,5
494,1
937,2
2037,6
1015,2
505,3
1018,2
2556,5
1962,2
1023,1
