1539,1
854,2
1030,5
2567,0
2569,0
523,4
525,6
14,5
530,1
2073,6
538,1
2593,3
1572,6
2085,3
2602,3
2609,3
1076,1
2101,5
2108,4
2623,3
2627,3
1607,0
72,5
1612,3
1104,2
2642,5
84,2
1624,3
1630,0
2144,6
1121,1
1127,1
1131,4
1648,0
1139,1
361,4
2682,4
2684,4
1666,2
1668,2
648,6
651,6
2700,0
1677,2
2193,0
1685,3
1183,1
1184,1
165,5
167,5
1195,3
1709,0
174,2
285,0
2229,4
183,2
1213,6
190,2
703,6
2251,0
211,2
2264,1
1241,1
219,2
1245,1
225,2
226,2
228,2
231,1
636,6
746,3
2170,3
2288,4
1267,4
1804,4
782,6
2320,0
273,0
787,4
1812,5
316,6
793,1
795,6
1309,5
1822,0
287,3
1324,2
2269,5
309,6
1846,2
313,6
1340,0
1077,1
1857,5
1858,0
1347,2
328,5
1870,1
336,1
2390,5
343,4
860,2
864,4
1893,4
359,1
2408,4
873,4
372,1
1397,3
374,1
1913,3
1406,3
387,4
1924,3
1425,3
1940,5
405,0
1264,4
457,6
429,0
1096,4
2486,0
2488,0
2490,3
956,5
2495,5
1696,3
452,6
1990,5
967,2
969,2
1485,5
1489,4
1500,0
1508,6
2536,5
489,6
2538,5
2036,6
502,6
