2,0
2566,5
525,1
1552,1
3091,2
3092,0
1561,5
2586,5
2075,5
1564,2
1057,3
41,2
1068,3
3122,3
1593,0
62,3
2629,5
1095,1
2128,2
3157,5
1627,1
2657,3
1131,3
19,5
120,0
2171,4
2173,2
2690,4
133,2
1169,5
146,3
1171,3
662,0
3227,4
670,5
2211,3
2728,0
115,0
3258,2
187,4
2933,0
3266,4
196,2
197,2
3274,3
2262,4
215,1
1243,1
1761,2
3300,5
1772,3
2289,4
1271,1
1793,4
1282,5
1796,2
2774,3
775,4
265,1
267,1
277,1
1822,2
1311,1
816,0
2339,0
1828,5
1527,3
2352,1
2360,4
1338,4
833,3
1860,0
1505,0
2888,4
1358,1
2897,0
850,4
2388,4
347,1
348,1
350,2
2918,5
80,0
2413,0
1902,1
1396,3
885,0
1402,4
1403,4
1404,4
2431,5
2949,0
392,5
908,5
408,2
929,5
428,0
437,1
954,3
2492,4
3009,2
3015,2
1993,2
3319,5
2515,1
478,5
3039,1
2529,3
3048,3
1001,3
2538,5
1517,1
3054,2
2033,4
1013,0
2551,2
2041,2
1530,0
509,4
1023,3
