1024,4
1,5
1541,3
1038,0
530,1
345,4
537,1
540,1
542,1
2085,3
2604,3
558,4
1583,3
562,4
1078,1
567,4
1598,2
63,5
1088,1
2113,5
2116,2
1606,0
2657,3
2120,6
695,6
1100,0
696,6
2643,1
1145,1
1624,3
602,0
1631,4
1121,1
1657,2
1129,1
1131,4
1645,0
116,5
2165,3
1143,1
1812,5
127,5
2689,0
1666,2
2186,4
139,5
1166,5
1680,4
662,3
964,2
1178,4
1179,4
1183,1
162,2
676,1
678,6
2219,6
1864,0
1204,4
183,2
1720,3
191,2
971,2
197,2
201,2
1740,4
2253,5
208,2
1749,0
2262,1
1913,3
1767,0
753,5
1440,2
1782,0
2175,6
2311,4
1809,5
276,0
799,6
2336,6
1315,5
2344,0
1074,3
1844,3
821,3
1856,5
322,6
328,5
2377,3
335,1
1678,2
2393,0
860,2
1373,1
1379,4
2406,1
1995,6
2414,6
1391,5
1393,6
374,1
251,6
377,0
891,6
1404,3
1405,3
1344,1
388,0
1926,3
2540,4
2443,3
2449,6
917,6
2628,3
1435,3
1952,5
929,0
1959,5
424,0
2474,0
1968,1
945,2
947,2
950,2
2464,0
452,6
1989,0
2502,5
968,2
459,6
2002,6
2019,4
996,4
2022,4
2535,5
2028,5
499,6
1525,4
2043,2
