2048,5
513,2
1539,5
521,0
2570,5
12,1
1549,1
1565,2
547,3
2737,5
3112,5
1581,5
2103,1
58,4
2619,3
62,3
3135,1
1603,0
1604,3
2120,1
1611,0
2829,4
2640,4
594,0
1107,5
1435,3
2666,0
2685,3
126,5
1665,2
3202,3
2695,0
655,2
657,4
2195,5
3221,1
156,1
2205,3
1698,4
3244,0
3249,5
1714,2
2229,1
2230,4
1396,3
2746,3
3260,0
2751,4
709,0
3274,3
1740,4
2769,3
730,1
1487,2
220,4
739,5
233,5
1258,2
1780,2
2804,4
1379,3
262,1
265,1
1805,2
2862,4
1818,1
814,5
1341,1
319,2
836,0
837,1
1353,4
567,4
1868,3
1357,0
336,5
339,2
2398,0
863,5
1378,3
2915,4
3046,4
145,5
2365,3
1906,1
3081,2
1343,4
384,1
403,0
1941,0
920,0
2969,1
2459,4
1954,2
2971,5
932,5
432,1
1461,3
1463,4
244,2
1467,1
965,0
2503,0
1993,2
1483,1
1997,3
3023,0
2513,3
982,0
1496,2
2009,2
1503,2
848,4
998,0
2543,4
2032,5
1014,5
3063,2
2041,2
1023,3
