2816,5
1031,3
1032,1
11,0
770,3
2066,3
21,3
1051,5
2077,5
3103,5
1056,3
2480,2
1061,4
1576,3
1582,0
560,1
565,2
1375,1
1597,2
2112,0
584,1
77,2
2651,1
954,3
109,4
2671,1
118,4
119,0
636,3
638,1
1663,4
3202,3
2838,0
2184,4
1673,0
653,2
143,3
3219,5
666,2
158,2
675,1
1701,0
881,3
1192,4
1196,0
2733,1
690,4
1717,2
1728,5
2241,4
2244,1
2252,4
2254,4
1748,5
1241,5
1242,3
1759,2
1761,2
2277,4
2797,2
2292,4
2304,5
2305,2
1794,2
773,4
2862,4
2326,5
2330,2
1312,1
2340,0
2860,5
1838,1
2351,1
1331,2
821,4
1247,1
839,5
851,4
344,1
858,2
2907,2
1373,3
863,5
2914,4
369,3
2930,5
2931,1
1908,0
1913,0
379,2
2948,0
910,0
1773,3
1426,4
1428,3
917,1
2454,5
921,0
1950,3
1956,0
933,5
942,4
2992,5
2993,3
2996,0
2998,0
3002,5
446,4
1986,2
1990,3
981,3
982,0
3065,1
1497,2
1505,0
2537,1
2541,5
2032,5
2553,1
2557,0
