427,0
517,2
1037,0
2221,3
1773,3
20,3
1046,1
2079,3
32,2
1058,3
2596,1
549,2
1577,5
2101,4
1080,4
1083,3
1600,0
65,3
2629,5
3142,5
1607,4
75,0
76,3
2125,1
81,0
84,2
1622,1
71,3
2655,4
1121,5
2146,4
2160,5
2686,5
2689,5
22,0
140,2
2701,5
670,5
2208,3
162,2
1706,0
1709,1
182,4
1730,3
2762,2
1739,5
2253,4
1744,0
1747,0
1240,0
2265,2
219,2
638,1
1061,4
1760,2
2275,3
746,5
1261,4
2289,4
754,4
1269,1
250,0
763,1
2814,3
2821,3
2827,4
2318,5
2833,5
2836,5
1305,0
795,1
796,3
286,2
1319,3
809,4
2859,0
1838,1
1846,2
1849,1
2875,4
2373,1
328,1
652,2
1866,1
2381,0
337,2
2386,5
2906,2
2913,3
1895,5
2921,3
2924,0
2926,4
2421,0
890,0
1404,4
2959,0
2961,4
2965,4
2457,2
1950,3
1951,4
2475,0
945,1
442,1
3006,5
2496,0
1987,2
1988,2
3014,5
2506,5
1698,4
3024,1
980,2
2641,1
3035,5
3153,1
1512,1
501,2
3070,3
