2561,2
1026,1
2567,3
2570,5
1538,2
2070,2
2081,3
1572,2
551,2
2606,5
3122,3
569,4
3133,2
2,0
1604,3
587,1
2125,1
2639,4
592,4
2136,5
3163,0
3258,2
2657,3
2146,4
3171,0
2049,5
2150,3
106,4
109,4
3185,0
114,0
1139,2
1142,1
120,0
2172,4
1149,3
126,5
640,5
1155,1
2180,3
1160,3
1171,3
159,2
673,3
1190,4
881,3
1706,0
172,2
1224,0
3255,3
2745,1
1210,1
189,4
712,2
2250,2
1745,0
210,2
2771,3
727,5
218,4
1253,4
1774,2
2173,2
753,1
2802,4
758,4
250,0
765,1
1792,5
771,3
1284,5
788,3
3118,4
300,1
1325,0
1842,0
823,0
833,3
2893,4
852,4
1366,0
2532,5
1387,1
1905,4
888,2
893,5
894,5
2944,0
898,1
2436,1
902,2
394,5
2114,5
919,0
1946,3
1444,2
425,2
943,1
1969,4
1970,4
2483,1
2490,1
955,1
452,0
966,1
2505,4
2511,3
2517,5
472,5
3039,1
2530,5
50,1
996,0
2021,5
1738,5
2029,2
1527,3
1019,0
1532,5
2558,0
