683,1
517,6
8,5
2057,3
526,4
528,1
1047,3
536,1
1051,3
1566,0
1029,1
1061,3
38,5
2091,0
1069,0
2094,3
1586,1
54,5
9,5
571,4
1093,2
2119,6
585,0
587,0
594,0
601,0
2142,2
870,1
1642,0
109,5
1653,4
1146,1
1727,0
2176,3
1154,1
134,5
2699,0
1164,5
2242,1
1679,4
154,5
1181,4
158,6
1701,4
1195,3
1199,6
1200,4
178,2
700,6
1215,6
193,2
706,6
1219,6
199,2
1738,4
204,2
207,2
2257,5
1235,0
974,2
2269,5
223,2
738,0
1255,4
1263,4
240,3
2299,1
253,2
1285,4
2316,4
557,4
277,0
796,6
2336,6
1595,3
291,0
1329,0
1330,2
2356,2
821,3
314,6
828,0
2373,5
326,5
1863,5
328,5
843,3
332,5
2387,5
1885,2
1376,1
1377,6
2107,0
2406,1
872,1
1852,6
1386,4
231,1
364,1
1905,2
1396,6
885,4
374,1
2425,1
1914,3
379,0
1925,3
1926,3
1930,0
1070,3
1421,0
2451,1
924,4
1178,4
1438,2
780,1
2206,3
950,2
1465,3
1466,3
1355,5
453,6
966,2
455,6
968,2
2507,6
462,5
2004,6
469,3
475,5
2016,5
1505,4
2021,4
2023,4
1009,6
504,6
505,3
1018,2
1483,2
1023,1
