3,5
1542,3
769,1
1546,4
529,1
2581,3
2583,0
26,5
1570,6
2087,3
1580,3
2605,3
49,5
60,5
1600,0
66,6
2117,0
1104,2
594,0
596,0
87,5
2137,5
2140,2
1117,5
2655,0
2660,0
1127,1
1129,1
1648,0
1137,0
1140,1
1141,1
1659,6
646,6
2697,1
1674,2
1683,5
151,5
152,5
1177,2
155,5
2204,3
1181,4
1695,3
678,6
1192,4
2225,4
180,2
2236,3
198,2
203,2
205,2
1400,3
1747,0
1243,0
1244,1
1246,1
227,2
228,2
2278,3
231,1
744,2
1772,0
1266,4
756,5
2294,0
247,2
1280,4
257,4
1794,4
1802,6
1812,5
2337,6
2339,3
1317,5
295,0
2348,1
1084,1
1842,3
2270,4
310,6
829,0
1342,0
1334,3
840,3
334,1
1363,3
853,6
1366,3
1371,6
997,6
1376,1
353,4
1385,4
1900,6
882,4
885,4
886,4
2424,5
1403,3
2437,4
2441,5
2444,3
2200,0
915,6
1947,5
1948,5
926,4
932,2
497,1
2473,0
1451,6
671,3
2481,3
948,2
949,2
438,0
2489,0
1183,1
2493,4
1827,1
1985,1
456,6
974,2
976,2
978,2
1870,1
982,2
2014,4
480,6
996,4
2533,5
2534,5
1518,6
1008,4
1521,6
498,6
1524,6
1017,2
1022,1
