1025,6
1538,1
1027,4
2053,1
2056,3
9,5
527,4
515,4
20,5
2076,0
2589,3
2590,3
5,5
1568,6
1570,6
2083,4
37,5
2599,3
43,5
560,4
520,4
1075,1
1588,4
1077,1
1631,4
1085,1
574,4
2628,3
2629,3
2118,3
1103,2
2128,4
84,2
1806,5
2649,6
1630,0
2655,0
2144,6
2145,5
106,5
1132,1
2161,3
1655,2
121,5
191,2
1152,1
129,5
643,6
133,5
1168,2
1170,2
674,1
1190,0
1711,0
2224,0
1715,3
1208,4
186,2
703,6
262,2
199,2
1736,5
119,5
211,2
213,2
2262,1
2264,1
1764,0
746,3
2283,0
242,3
243,3
2300,1
771,4
774,0
641,6
780,1
2318,5
1297,0
278,0
2436,5
285,0
804,0
1323,1
2348,1
1416,4
309,6
2361,3
2365,0
831,2
321,6
322,6
327,5
1355,5
341,2
861,2
1380,4
2405,1
3,5
1896,4
1902,2
371,1
886,4
1404,3
894,6
1924,3
406,4
1928,0
907,0
917,6
1430,3
2461,4
926,4
1440,2
418,0
1958,6
1959,5
424,0
940,2
1966,1
2482,4
947,2
953,2
449,6
1986,1
451,6
2504,3
162,2
2510,3
463,5
977,0
2009,3
2523,1
2017,1
678,6
488,6
1515,6
1005,6
2034,3
2046,0
