0,0
3076,0
1034,0
1046,1
1559,2
2564,1
30,2
2591,2
551,2
1586,5
567,4
1080,4
571,5
3136,4
580,3
1608,0
2122,5
2123,5
1378,3
1102,3
1104,0
2648,4
1630,1
1632,1
2661,1
2150,3
2152,4
2672,1
2167,4
632,3
1215,0
1760,2
2689,5
2690,4
1667,4
1156,2
646,2
143,3
2704,4
150,2
3225,1
2842,2
1700,1
2213,0
2728,0
1708,1
2742,0
543,5
2748,4
2239,4
1730,3
3273,3
2769,3
1751,1
223,2
3296,2
225,5
3298,3
1252,4
1261,4
754,4
2294,5
3320,2
2826,5
270,1
1782,1
2840,0
794,1
802,0
2853,3
294,4
2348,3
301,1
1843,1
311,4
2872,4
1849,1
1851,2
1345,0
1866,1
1591,5
3128,3
1877,0
1369,3
2398,0
2913,3
866,5
2916,4
1898,5
1389,4
2936,0
1410,3
392,5
1933,0
237,2
1938,5
408,2
1434,3
1946,3
2976,2
929,5
2471,2
2472,2
2205,3
1968,0
2995,0
2487,4
442,1
443,5
3012,5
1989,1
2515,1
992,0
484,2
2535,3
2538,5
491,0
1007,5
2548,5
2551,2
