2052,4
2567,3
3082,4
1035,0
530,1
1049,1
2075,5
2592,2
1571,2
3112,5
1067,5
47,2
56,3
1887,0
2110,0
64,3
3083,4
73,3
74,3
587,1
2643,0
1622,1
2648,4
2137,3
92,1
612,0
1125,1
1128,3
3179,5
1134,3
3192,2
2171,4
3204,3
1157,0
1672,0
2412,2
2699,1
2191,0
145,5
3219,5
148,2
2205,3
3231,4
2208,3
1186,4
1705,0
2221,3
1199,1
179,3
2741,4
2746,3
1725,5
2765,4
1747,0
2269,2
2270,1
1253,4
745,5
1770,2
2285,0
2290,4
3027,2
756,4
759,2
1276,5
1279,5
256,5
1282,5
771,3
774,4
265,1
2315,0
1805,2
782,2
1496,2
2325,3
800,1
1319,3
1325,0
1330,1
821,4
3079,2
394,5
329,2
2890,4
2896,0
1592,0
345,1
1375,1
352,1
2918,5
876,5
1901,5
369,3
1427,2
660,0
1923,2
2436,1
393,5
906,5
915,2
412,1
1949,3
2974,0
1872,2
2979,4
428,0
1965,4
2973,0
1462,1
954,3
1994,2
460,4
979,4
472,5
3039,1
2017,4
2532,5
2537,1
2544,0
