1536,4
2,0
3081,2
526,1
1555,0
1566,2
3106,1
2597,2
3115,2
51,2
3124,4
1077,1
1083,3
3132,4
3138,4
583,4
74,3
3148,5
14,5
1111,5
1121,5
140,2
531,1
1143,1
2169,5
3194,2
1659,3
642,2
2923,0
136,2
1164,3
2191,0
1680,2
1816,4
146,3
2200,5
163,5
1190,4
2731,1
684,1
1197,3
2224,0
2334,5
3254,3
2237,5
2751,4
2754,4
3271,1
204,5
1227,0
3276,5
717,0
3212,5
2263,4
3298,3
739,5
235,2
2813,3
256,5
269,1
2836,5
2327,2
792,0
1310,3
288,1
2343,0
2346,0
813,5
816,0
2865,2
311,4
1336,4
1849,1
1341,1
2188,5
3202,3
1868,3
1871,2
1361,1
3299,0
2392,4
1881,0
2398,0
2913,3
869,3
1384,3
2023,2
1389,4
881,3
884,0
885,0
2935,0
1918,1
2436,1
2954,3
1940,0
1943,1
410,2
1437,4
419,2
1958,4
428,0
433,1
2674,4
438,1
447,4
960,1
3010,2
969,0
2508,5
2509,5
1495,2
2013,4
483,2
2535,3
1001,3
1515,1
2542,4
1277,5
1011,3
