1449,2
514,3
1029,1
1543,3
532,1
2073,6
547,4
36,5
1573,6
558,4
2108,4
1597,3
2622,3
63,5
64,5
2629,3
2631,3
585,0
2637,0
2127,3
594,0
2132,0
1621,5
2136,5
2141,2
96,5
1121,1
2663,0
1132,1
2673,0
1142,1
1146,1
127,5
2176,3
1154,1
2179,6
1426,3
137,5
1162,6
2705,0
1682,5
1177,2
1183,1
1308,2
684,6
685,6
686,1
1395,6
180,2
2505,1
2235,3
2237,3
710,3
1825,1
200,2
1738,4
204,2
208,2
721,5
1746,4
213,2
2262,1
2084,4
731,0
549,1
1250,4
1252,4
229,2
1766,0
209,2
747,0
2289,1
1783,0
761,4
763,6
261,2
1798,3
777,6
778,4
1296,0
281,0
284,0
2522,3
816,3
809,6
301,5
1326,2
304,0
822,0
823,0
2022,4
2362,3
1856,5
1352,5
843,3
1870,1
345,4
860,2
1253,1
354,4
1891,4
998,6
874,4
1389,4
1392,6
1906,2
883,4
892,6
1407,0
2438,5
2450,3
2451,1
2457,6
1949,5
1950,5
1446,2
936,2
1961,6
1451,6
436,0
2207,6
1986,1
964,2
969,2
1482,2
1271,4
2509,3
1998,1
1488,4
470,3
1497,5
1498,0
2528,5
1508,6
2534,5
488,6
1009,6
2547,5
1193,4
1021,1
