2049,0
2268,5
521,4
2571,3
525,6
2574,3
1044,3
1569,6
1560,4
1049,3
538,1
2077,2
1568,6
1057,0
1060,0
1280,4
948,2
1085,1
71,5
72,5
780,1
589,0
83,4
14,5
1892,1
90,5
2140,2
611,0
2148,0
1333,2
785,6
2664,1
2236,3
618,0
1650,2
1139,1
1143,1
1556,6
2172,3
106,5
1665,2
136,5
1171,5
537,1
2206,3
677,1
2217,4
171,2
685,6
179,2
695,6
1721,3
1212,6
1221,6
711,3
200,2
204,2
209,2
1239,4
732,0
224,2
744,2
1771,0
1780,5
1781,0
247,2
2296,0
2304,0
1799,3
1288,4
777,6
1290,4
1804,4
1297,0
789,4
790,4
1820,3
1309,5
1823,6
1314,5
2342,3
1833,0
1837,3
1845,0
314,6
317,6
319,6
324,5
327,5
2377,3
334,1
2383,3
848,4
849,3
1874,0
345,4
346,4
348,4
1373,1
351,4
865,1
2404,1
1894,4
871,1
2411,2
432,0
385,0
1923,6
903,4
1942,5
1950,5
2471,6
2472,6
1456,0
1458,1
1972,5
950,2
1977,5
1471,3
1985,1
2498,5
1478,3
2505,1
464,5
1784,2
467,3
983,2
2008,3
2017,1
2018,1
2023,4
935,2
1012,6
501,6
1014,2
2552,5
1529,6
1531,0
1021,1
1535,4
