1027,4
1793,4
12,5
1549,5
2063,0
2587,3
540,1
29,5
2079,1
545,1
548,1
37,5
38,5
2140,2
2482,4
2606,0
1586,1
1587,4
1085,1
2624,3
1632,4
66,6
2116,2
1093,2
2120,6
2124,4
1615,0
1105,2
85,5
604,0
2653,0
1119,4
1120,4
1123,1
785,6
103,5
108,5
118,5
1144,1
1660,2
641,6
2180,0
1672,2
653,6
145,5
1683,5
668,3
162,2
2219,6
685,6
1710,0
179,2
180,2
1717,3
183,2
187,2
701,6
703,6
1677,2
2241,4
1221,6
209,2
1748,0
2264,1
1142,1
738,0
2275,3
231,1
1768,0
1769,5
234,6
235,0
236,6
238,3
241,3
1266,4
2291,3
246,2
2004,6
252,5
1791,3
896,6
1665,2
2313,0
1802,6
1809,5
1582,4
2339,3
2342,3
1831,1
297,0
1322,1
2349,1
1326,2
1330,2
1849,3
1346,2
1861,4
1862,4
1355,5
1357,0
335,1
1360,3
2385,0
2387,5
1371,6
1373,1
573,4
368,1
2280,3
375,1
2432,0
1259,4
2441,5
2448,5
919,4
1438,2
1961,6
242,3
1456,0
433,0
1970,6
2484,3
949,2
951,6
1465,3
447,6
2496,0
1985,1
1987,1
2502,5
2381,4
468,3
2520,3
1498,0
475,5
851,4
506,4
1533,4
510,3
