3073,5
2054,4
3081,2
2060,0
3090,1
1559,2
3116,2
2605,4
55,3
568,4
1595,0
572,2
2112,0
2625,1
2637,4
1103,2
596,1
600,3
1115,0
1116,5
3167,4
622,4
116,0
1144,5
633,3
3196,2
277,1
2180,3
133,2
1671,0
2197,3
2712,5
1180,1
2207,3
3239,4
188,4
705,3
3019,0
3271,1
2760,2
1737,5
293,2
3299,0
3300,5
636,3
3306,5
2797,2
2175,5
764,1
767,0
1282,5
772,4
2821,3
3117,4
2832,2
472,5
2323,5
1813,4
1814,4
798,2
1413,3
2848,4
1825,5
805,0
1319,3
1321,0
810,4
1159,0
812,3
1837,0
302,1
2863,4
2866,5
2356,1
1848,2
827,1
2364,1
829,3
324,1
2375,3
331,0
1356,0
1869,5
2897,0
862,5
1377,2
1383,3
385,1
2435,4
901,2
1929,1
395,5
1411,3
1688,0
2553,1
407,2
920,0
1348,4
2463,1
936,5
668,1
2987,5
2988,4
429,0
1461,3
2489,5
2719,2
1470,0
963,1
459,4
460,4
2511,3
2514,1
3028,2
1495,2
984,3
2181,5
1525,3
504,1
84,2
