1026,1
3076,0
1030,2
8,0
21,3
28,1
1055,5
3105,5
2086,2
2599,4
2601,1
1073,3
179,3
1078,5
64,3
66,5
2122,5
2645,0
2654,0
607,4
1125,1
786,4
2162,0
2675,0
116,0
3197,0
2496,0
642,2
1668,2
2698,3
144,3
2705,1
1684,5
2198,3
1688,0
2716,2
676,3
3242,3
2735,5
691,4
1205,1
1206,1
2241,4
1731,1
1736,3
1742,4
3285,2
214,2
3291,0
220,4
1758,2
3295,4
738,5
740,5
741,1
1254,3
1778,2
3318,2
762,5
260,1
2312,5
2315,0
268,1
898,1
1808,1
1297,5
1810,1
2323,5
2326,5
1306,0
796,3
306,0
1847,2
313,0
2362,4
2783,5
829,3
830,2
1344,0
1864,1
1355,4
845,4
334,3
1361,1
850,4
1876,0
1422,4
1367,2
1369,3
2906,2
3301,5
1379,3
2926,4
385,1
2434,4
1928,2
1934,5
404,4
924,1
415,1
930,3
1956,0
430,2
952,5
1468,4
958,1
1984,3
449,0
460,4
1490,2
981,3
988,0
3046,4
3048,3
2540,5
3063,2
1528,4
1533,5
2046,2
1535,2
