2050,4
2565,4
1964,1
525,1
2066,3
3098,1
2589,2
1058,3
2087,5
1580,0
559,3
3121,5
3122,3
1601,0
1042,0
579,5
1604,3
69,0
2657,3
586,1
75,0
76,3
2639,4
1617,1
82,1
3163,0
1628,1
93,4
1630,1
1119,5
1808,1
1639,1
621,5
625,5
627,5
1658,5
124,5
3265,0
143,3
2328,2
1683,0
1172,3
538,1
1183,1
2722,2
2724,0
2728,0
3243,2
685,2
174,2
2741,4
1718,5
1457,4
3256,5
1012,0
2753,4
709,0
202,2
1227,0
214,2
227,5
2789,2
2279,5
235,2
753,1
754,4
1271,1
2297,0
253,2
1287,5
2825,5
2319,5
1296,5
274,2
788,3
1814,4
2840,0
1306,0
2848,4
1319,3
1841,2
2356,1
1332,2
2362,4
321,1
2888,4
334,3
2384,3
1364,2
1885,0
2910,4
871,1
1897,3
1399,0
1402,4
1403,4
895,3
3269,2
2113,0
912,2
2449,3
1435,3
1436,1
425,2
940,5
1693,4
2481,1
441,1
1695,4
1468,4
1982,0
460,4
1490,2
676,3
2535,3
1000,2
1001,3
2538,5
2033,4
2548,5
