518,2
14,5
1552,1
2577,2
1044,0
3096,3
1561,5
540,2
546,2
3113,3
43,5
47,2
3122,3
59,3
1596,0
123,5
2114,5
3142,5
2632,0
2696,3
1099,3
1101,4
1102,3
595,1
1038,1
88,0
3162,4
1629,1
2664,0
1133,3
111,0
2672,1
627,5
628,1
2170,4
1147,5
1813,4
128,5
1302,2
1671,0
648,2
2698,3
1170,2
3220,5
1689,0
1694,4
1698,4
676,3
2727,0
2740,2
116,0
2751,4
705,3
194,2
1738,5
2764,4
3288,0
1755,1
2781,2
2171,4
2788,2
1772,3
1775,2
1781,2
1784,1
2809,0
2817,5
773,4
1294,5
1811,4
789,5
278,2
793,0
806,0
299,1
1160,3
826,2
827,1
837,1
1117,5
1865,1
2384,3
1516,1
2392,4
1252,4
2394,2
1372,5
862,5
869,3
1897,3
2410,0
2414,0
2434,4
1924,2
1929,1
1421,5
2965,4
922,1
413,1
2630,0
1412,3
2489,5
446,4
757,4
3008,5
963,1
969,0
2003,1
2005,0
1273,2
2013,4
2529,3
3239,4
492,0
3053,2
2030,4
1519,1
1520,1
1525,3
3071,3
