512,3
3,5
1031,6
2061,6
1556,6
2070,0
539,1
2590,3
2080,1
1569,6
347,6
41,5
1068,0
2141,2
562,4
51,5
2615,3
569,4
573,4
1803,4
2121,3
1614,0
2643,1
84,2
1110,0
88,5
698,6
2663,0
1521,6
119,5
2173,3
363,5
134,5
1159,1
136,5
2185,0
650,6
1166,5
195,2
1176,5
1690,0
667,3
158,6
674,1
1563,4
176,2
1203,4
2228,4
1719,3
1720,3
186,2
688,6
373,4
2241,4
2507,6
196,2
545,1
2248,0
202,2
211,2
2263,1
216,2
2273,4
1253,1
2343,3
2289,1
757,0
1272,4
1785,2
1787,3
769,1
258,6
2312,2
778,4
215,3
1812,5
278,0
280,0
1818,3
1314,5
1319,5
988,2
1846,2
831,2
2373,5
2379,1
339,4
1678,2
2393,0
1371,6
860,2
2399,0
1376,1
1890,4
2407,1
875,4
366,4
368,1
1397,3
375,1
1922,6
1924,3
1430,3
1926,3
1416,4
1931,0
1420,0
401,0
403,0
918,6
1434,3
1445,5
1447,5
936,2
425,0
435,0
439,0
1468,3
2493,4
1269,4
1985,1
1987,1
2505,1
1995,6
982,2
1497,5
2523,1
2012,3
989,2
478,3
2528,5
485,6
490,6
492,6
2031,4
496,1
2545,5
502,6
1016,2
2558,5
