1542,2
1034,0
1040,0
19,5
24,0
2081,3
36,5
3109,1
2600,4
3114,2
46,2
559,3
2613,4
3128,3
1593,0
571,5
1084,5
1598,2
2742,0
3151,1
594,0
2867,5
607,4
3088,5
2662,2
2151,0
616,0
2665,0
114,0
115,0
1140,1
2165,5
2166,0
2168,4
1658,5
2173,2
3198,0
1160,3
2701,5
143,3
3217,4
1172,3
2709,3
2712,5
155,5
673,3
2215,3
1196,0
177,2
1206,1
2676,3
701,1
2751,4
118,4
2247,2
3273,3
724,1
1486,4
2774,3
1243,1
1762,5
1252,4
2790,2
2793,2
1259,2
1772,3
1788,5
1066,5
3326,4
768,4
770,3
2819,3
2314,2
272,0
1815,4
1304,2
795,1
1315,2
1833,1
2347,0
819,2
1337,4
2368,4
1868,3
2384,3
850,4
2903,5
345,1
1631,1
863,5
2402,5
356,1
1900,5
2419,4
372,1
1399,0
2425,4
1914,0
894,5
2284,1
2444,1
913,1
2962,4
420,2
432,1
1460,3
951,0
952,5
2500,2
3017,2
459,4
3022,0
1496,2
2529,3
482,2
2533,3
3046,4
1513,1
1518,1
3065,1
