1025,6
1538,1
1963,5
2564,1
2056,3
1550,5
2051,2
22,5
536,1
2052,1
26,5
544,1
2596,3
1573,6
1065,0
2096,3
2611,3
1077,1
55,2
2623,3
2627,3
68,5
2131,0
1111,0
1626,6
1116,6
2141,2
1633,4
1637,4
1127,1
105,5
1652,0
120,5
1660,2
1662,5
129,5
646,6
1674,2
1165,5
654,3
144,5
1685,3
708,4
2205,3
965,2
1186,3
1700,0
1194,4
455,6
1394,6
713,4
2234,5
1216,6
1732,0
204,2
2252,5
206,2
734,0
1251,1
229,2
231,1
2281,3
746,3
2289,1
1268,4
247,2
2297,0
1274,4
2300,1
768,4
2314,6
779,4
269,0
1299,0
790,4
674,1
1315,5
2342,3
1327,2
1840,3
1330,2
2356,2
1333,2
2358,6
2244,4
2381,4
334,1
2385,0
339,4
2390,5
2393,0
858,2
347,6
351,4
354,4
358,0
1387,4
364,1
370,4
1396,6
234,6
894,6
2431,4
901,3
1416,4
2441,5
398,0
2448,5
67,2
917,6
1443,3
1446,2
935,2
2474,0
1451,6
2476,0
2478,3
1967,1
437,0
2494,4
453,6
1991,5
2505,1
2210,3
2512,3
977,0
2003,1
980,2
1870,1
1494,0
983,2
2010,3
2523,1
2528,5
491,6
497,1
2037,6
2551,5
2041,0
1530,6
