516,3
1038,0
1553,5
532,1
534,1
2071,6
1028,1
2587,3
1882,4
2078,2
1075,1
1573,6
550,1
2094,3
1071,3
1073,3
51,5
566,4
58,5
577,4
72,5
2121,3
2124,4
526,4
88,5
2660,0
1116,6
1631,4
98,5
1124,0
2664,1
1650,2
1144,1
2682,4
1659,6
2173,3
127,5
2496,0
1155,4
645,6
647,6
2188,6
654,3
145,5
1682,5
2707,0
2199,0
1733,0
161,5
1701,4
678,6
682,1
171,2
1906,2
175,2
688,6
2225,4
2226,0
695,6
1209,4
1725,3
196,2
2245,3
1234,6
211,2
212,2
2265,2
2269,5
549,1
1763,0
1830,1
1768,0
746,3
2288,4
2299,1
771,4
1797,3
262,2
1800,3
780,1
1806,5
271,0
784,4
793,1
47,5
284,0
1828,1
1318,6
807,6
1321,0
1159,1
1843,3
308,0
822,0
1847,0
2356,2
315,6
2312,2
1345,1
326,5
840,3
1869,1
339,4
341,2
855,2
2347,1
858,2
1394,6
380,2
894,6
395,0
2457,6
414,0
1956,4
2469,3
122,5
2483,0
1977,5
1466,3
960,2
450,6
964,2
458,6
973,2
1487,5
977,0
468,3
2517,3
985,2
2523,1
2526,4
1445,5
1019,4
2539,5
1636,4
2036,6
511,3
2559,5
1533,4
1023,1
