1540,2
5,0
1031,3
523,0
16,5
1554,1
1029,2
2083,3
1061,4
38,2
1576,3
2603,0
1069,2
1072,2
2611,4
568,4
1081,4
1087,1
64,3
65,3
1093,1
2125,1
3151,1
596,1
2543,4
1636,2
3166,4
2832,2
2147,4
3172,0
615,5
1643,1
1134,3
113,4
703,1
1662,3
2177,1
649,2
2190,0
1688,0
367,5
1694,4
2721,2
162,2
3244,0
2733,1
176,2
2737,5
2231,2
1211,3
1213,3
1726,5
2239,4
3274,3
3275,5
1400,5
211,5
2266,2
1259,2
1777,2
1271,1
1789,5
255,2
768,4
779,3
1292,5
270,1
272,0
2323,5
730,1
288,1
2856,2
2349,1
814,5
307,0
2356,1
1161,3
2873,4
1863,0
331,0
845,4
1889,5
868,4
1385,0
2927,0
368,5
2930,5
883,2
2933,0
887,1
376,5
1922,3
3307,5
388,5
1431,1
909,0
1426,4
2965,4
2966,3
2967,4
1947,0
2475,0
2035,1
1242,3
2490,1
2491,5
1982,0
453,0
1990,3
2516,4
981,3
474,4
1103,2
1002,3
2031,4
1010,5
499,2
1525,3
1018,0
3071,3
