1536,4
1539,1
520,4
2572,3
530,1
1556,6
21,5
536,1
2079,1
2595,3
36,5
554,4
49,5
2098,0
1075,1
1076,1
2101,5
2105,5
1082,4
1826,1
2620,3
2621,3
1087,1
2624,3
2145,5
2120,6
1101,0
591,0
1124,0
271,0
1632,4
1121,1
2660,0
2406,1
2679,0
634,6
2171,3
2172,3
125,5
2686,4
1665,2
642,6
1156,6
1985,1
2697,1
139,5
2191,0
153,5
667,3
158,6
2208,6
2209,6
173,2
178,2
1203,4
1205,4
1722,3
1219,6
1737,0
205,2
211,2
1748,0
1754,5
1244,1
223,2
226,2
2278,3
231,1
2514,0
243,3
1271,4
2299,1
258,6
1807,5
2320,0
273,0
1307,0
730,0
286,0
1254,6
1314,5
805,6
2342,3
1832,1
1835,3
814,0
2357,5
1846,2
649,6
314,6
1339,0
1346,2
2375,3
1353,5
1354,5
1355,5
341,2
346,4
1885,2
2398,1
230,2
1894,4
365,1
1393,6
886,4
1088,1
2436,5
902,3
1936,4
494,1
923,4
1179,4
1956,4
939,5
940,2
1965,4
2482,4
949,2
2487,0
1976,5
957,2
1472,3
961,2
1478,3
457,6
972,2
2010,3
2002,6
983,2
985,2
474,0
988,2
2013,3
481,6
1506,6
2022,4
2542,5
1636,4
2034,3
1523,6
