1027,1
516,2
518,2
524,4
2065,2
1554,1
1539,5
3096,3
3100,1
2079,3
1569,2
2084,2
552,2
554,5
2609,4
1587,0
2105,2
2619,3
2622,4
1600,0
2627,5
1096,4
1097,4
591,4
2652,3
95,3
3173,5
104,3
120,0
1662,3
1153,2
2691,4
133,2
2184,4
2185,5
144,3
2197,3
1689,0
2206,3
1187,4
2215,3
1712,1
2225,1
1717,2
2742,0
1212,3
459,4
1736,3
1738,5
209,3
2260,2
3294,3
3295,4
736,5
229,1
242,0
2294,5
2736,4
2310,5
3201,3
3248,3
1808,1
787,4
2837,0
2839,0
2329,2
2330,2
1832,4
300,1
1160,3
3123,5
1848,2
827,1
1856,5
322,2
324,1
325,1
2378,1
845,4
847,1
849,1
2386,5
860,5
1339,0
2916,4
879,1
1393,4
2937,0
1402,4
1918,1
1919,0
2944,0
387,5
1412,3
1933,0
2960,1
1434,3
1439,4
2465,0
422,0
423,0
1452,5
1266,1
3006,5
3019,0
3022,0
3029,5
2007,2
3041,2
2530,5
2531,5
3044,4
2021,5
3054,2
2035,1
1013,0
2551,2
2040,0
506,1
507,2
