1026,1
523,0
525,1
2578,2
20,3
3094,0
3096,3
1561,5
1570,2
3120,4
49,2
1074,2
2611,4
3125,0
56,3
3131,4
2623,5
64,3
2625,1
3083,4
2629,5
1349,0
1097,4
1378,3
3155,0
3158,0
1623,1
89,0
607,4
2150,3
3188,1
634,5
1659,3
1148,2
125,5
1670,5
1159,0
2699,1
1218,5
3215,0
2196,5
2197,3
1182,1
3231,4
1699,1
1211,3
1216,3
194,2
195,1
3268,2
3269,2
1737,5
2762,2
204,5
3293,0
1763,1
3304,2
238,2
1263,2
757,4
252,0
2813,3
2304,5
263,1
1800,2
2313,0
267,1
2947,0
2324,5
2329,2
1824,5
2096,2
1831,4
1336,4
2364,1
1855,5
837,1
2886,4
1355,4
1870,3
848,4
739,5
341,5
1373,3
862,5
2914,4
2923,0
368,5
2941,0
899,1
2436,1
389,5
1601,0
2957,0
2960,1
916,1
2457,2
2973,0
927,5
1952,4
1442,1
1956,0
424,2
1949,3
577,4
444,2
1985,2
843,1
970,4
466,3
979,4
981,3
2519,3
2521,4
2524,3
991,4
2529,3
2300,3
3055,0
2554,2
