1031,3
10,2
3083,4
3088,5
1042,0
19,5
2079,3
2081,3
2594,2
2602,3
2567,3
2097,5
562,2
3133,2
2117,0
2119,3
1610,0
1611,0
1379,3
1621,1
2648,4
2141,1
96,0
2146,4
103,5
1128,3
2159,1
3186,1
2163,0
1141,1
2683,2
1664,2
3214,5
2707,0
1172,3
3223,4
2200,5
1694,4
2333,5
692,4
201,2
2745,1
186,4
2748,4
1221,2
2248,4
713,5
1738,5
1752,1
220,4
1247,1
2276,5
1254,3
2792,1
1770,2
1831,4
3309,3
2292,4
3318,2
1272,2
2297,0
2813,3
1791,5
2821,3
1286,5
1801,1
269,1
1295,5
2324,5
1815,4
282,1
285,1
1319,3
296,5
1326,0
2525,1
2865,2
315,5
2371,2
327,1
842,3
334,3
341,5
2397,2
1887,0
2914,4
2403,5
868,4
1382,0
871,1
2418,0
2935,0
891,4
2940,0
1258,2
1414,1
1928,2
1417,4
2199,5
1942,0
2456,5
924,1
1956,0
2995,0
2206,3
441,1
2890,4
2496,0
1990,3
1484,0
1997,3
3024,1
978,4
468,2
983,0
984,3
1497,2
2010,2
2013,4
2042,2
