516,2
2567,3
2056,4
522,1
1039,1
1044,0
2079,3
2593,2
37,5
1574,4
2087,5
1068,3
1585,5
62,3
1090,1
1383,3
70,0
73,3
2636,1
2637,4
3154,1
1379,3
599,1
609,0
3173,5
1130,3
2667,5
3182,0
111,0
1653,2
2169,5
637,3
640,5
2178,4
3211,5
652,2
2670,2
1694,4
159,2
2209,3
1189,1
2216,0
681,2
2580,4
3247,5
1200,1
179,3
2741,4
2745,1
1212,3
3264,0
705,3
2754,4
714,1
1743,0
2256,4
1242,3
2269,2
734,2
223,2
738,5
2939,0
3309,3
2800,0
755,4
756,4
2814,3
1279,5
1281,5
260,1
3290,0
1311,1
808,3
1321,0
811,3
1333,1
312,0
315,5
1340,4
2901,4
856,5
1371,5
2397,2
1889,5
867,4
2919,5
2408,0
875,2
371,1
1915,0
2945,0
1411,3
2949,0
902,2
2951,0
906,5
2453,4
922,1
2459,4
2972,5
1958,4
2472,2
943,1
2995,0
3014,5
1993,2
462,0
1101,4
2515,1
1493,2
1529,4
1497,2
1507,1
2023,2
2778,2
1527,3
504,1
505,1
2045,2
2389,4
