1024,4
1536,4
3,5
1025,6
2059,3
2572,3
1549,5
526,4
2585,0
1563,4
540,1
1054,3
543,1
34,5
2089,0
2097,0
179,2
53,5
1591,3
2617,0
2112,0
1096,4
1103,2
697,6
1114,0
2140,2
2655,0
2657,3
1125,4
785,6
1128,1
1129,1
103,5
1133,1
111,5
2167,5
1145,1
2172,3
1663,5
133,5
653,6
2192,2
659,3
669,3
2206,3
162,2
2220,6
685,6
2227,0
2229,4
1720,3
1721,3
1212,6
702,6
195,2
196,2
202,2
1746,4
1239,4
2266,0
2269,5
229,2
2289,1
1780,5
1782,0
761,4
251,6
1795,3
2311,4
1288,4
777,6
780,1
1808,5
2321,4
1810,5
1812,5
793,1
1308,2
1825,1
1826,1
49,5
1320,0
1322,1
1323,1
1836,3
1839,3
1333,2
1859,0
1860,0
1861,4
2376,3
841,3
330,5
334,1
2189,6
344,4
347,6
1373,1
997,6
869,1
1387,4
2421,5
2427,0
897,6
2434,0
899,3
2437,4
1416,4
2443,3
1938,5
408,0
1440,2
1520,6
932,2
425,0
1450,2
1970,6
435,0
953,2
2493,4
960,2
962,2
1475,3
2500,5
1481,2
1484,2
1997,1
2001,1
2523,1
479,6
1465,3
2532,0
485,6
490,6
2539,5
494,1
1008,4
2041,0
1530,6
938,2
