2055,3
522,4
15,0
528,1
1556,6
1046,3
1048,3
537,1
2075,0
540,1
541,1
1055,3
36,5
550,1
1576,3
1578,3
519,4
2610,3
1589,3
2104,5
1084,1
1600,0
66,6
1091,0
2120,6
2638,0
1104,2
1108,0
607,0
1120,4
1122,4
99,5
101,5
2151,6
2157,5
1649,2
633,6
1153,4
1668,2
1388,4
653,6
658,3
1689,0
2207,6
161,5
539,1
682,1
686,1
2077,2
2231,5
1209,4
1728,3
1731,0
1220,6
1221,6
202,2
206,2
1238,6
216,2
231,1
1259,4
1270,4
763,6
2300,1
2305,0
1807,5
2321,4
1813,5
1814,5
1303,4
793,1
2330,3
1318,6
1323,1
50,5
2352,0
1330,2
314,6
1855,5
1344,1
329,5
2380,4
337,0
344,4
857,0
1371,6
860,2
1886,0
869,1
359,1
876,4
1903,3
368,1
1394,6
1395,6
885,4
380,2
1922,6
2436,5
902,3
578,4
920,4
402,0
403,0
1944,5
410,0
1438,2
417,0
1955,5
1968,1
1970,6
1972,5
1463,3
442,0
1470,3
2495,5
1474,3
964,2
968,2
1482,2
1483,2
467,3
2516,3
985,2
2523,1
1018,2
2017,1
251,6
996,4
2022,4
1000,6
2539,5
2540,4
971,2
1013,0
170,2
84,2
2554,5
509,3
2047,3
