0,18
2,26
3,13
5,5
6,11
7,12
8,152
9,15
10,82
11,70
12,45
13,43
14,8
15,5
16,3
18,9
19,6
20,44
21,6
22,9
23,30
24,15
25,31
26,4
27,6
28,4
30,3
31,24
32,30
34,8
35,2
36,4
37,29
38,23
39,27
40,3
41,9
42,6
43,4
44,2
46,4
47,5
48,37
51,12
52,5
53,3
55,5
56,2
57,14
58,3
59,7
60,20
61,1
62,2
63,11
64,7
65,5
66,2
67,5
68,4
69,4
71,5
72,1
73,11
74,5
76,2
77,9
78,3
79,1
82,5
83,5
84,2
85,4
90,6
91,1
92,3
93,1
94,9
95,7
96,3
97,5
99,2
100,1
101,1
102,3
104,7
106,4
107,1
108,2
109,6
111,2
112,2
118,2
120,3
121,2
124,1
125,4
126,2
130,1
141,1
143,2
147,1
162,2
163,1
185,3
