0,8
1,118
2,5
3,23
4,57
5,66
6,73
7,8
8,95
9,22
10,121
11,3
12,85
13,73
14,65
15,64
16,112
17,109
18,48
19,10
20,60
21,8
22,26
23,13
24,94
25,25
26,7
27,76
28,130
29,8
30,111
31,37
32,6
33,71
34,82
35,59
36,102
37,40
38,52
39,58
40,51
41,16
42,6
43,79
44,74
45,37
46,12
47,9
48,10
49,13
50,69
51,126
52,12
53,46
54,3
55,25
56,11
57,61
58,8
59,39
60,8
61,8
62,24
63,11
64,19
65,19
66,38
67,43
68,8
69,78
70,32
71,106
72,41
73,8
74,97
75,101
76,34
77,12
78,20
79,104
80,10
81,83
82,62
83,8
84,163
85,8
86,68
87,28
88,63
89,10
90,99
91,77
92,8
93,12
94,35
95,84
96,37
97,21
98,36
99,100
100,10
101,23
102,44
103,20
104,20
105,23
106,8
107,120
108,67
109,91
110,147
111,0
112,55
113,14
114,92
115,11
116,57
117,185
118,8
119,124
120,14
121,125
122,12
123,30
124,93
125,53
126,42
127,37
128,11
129,143
130,27
131,32
132,47
133,13
134,11
135,15
136,37
137,18
138,10
139,8
140,56
141,11
142,31
143,10
144,162
145,12
146,13
147,96
148,108
149,8
150,107
151,8
152,141
153,24
154,48
155,8
156,11
157,72
158,48
159,90
160,2
161,0
162,13
163,8
164,42
165,20
166,11
167,8
168,8
169,8
170,38
171,10
172,8
173,6
174,11
175,8
176,8
177,37
178,20
179,11
180,90
181,11
182,10
183,18
184,67
185,8
186,42
187,0
188,2
189,39
190,10
191,77
192,48
193,13
194,8
195,2
196,11
197,62
198,9
199,57
200,7
201,48
202,31
203,57
204,8
205,20
206,57
207,20
208,5
209,11
210,8
211,13
212,12
213,12
214,8
215,63
216,34
217,2
218,31
219,39
220,73
221,60
222,12
223,0
224,34
225,27
226,85
227,112
228,12
229,12
230,5
231,37
232,7
233,26
234,23
235,31
236,8
237,12
238,57
239,48
240,32
241,51
242,13
243,24
244,8
245,8
246,48
247,21
248,11
249,7
250,11
251,51
252,185
253,48
254,8
255,74
256,23
257,25
258,8
259,11
260,8
261,10
262,40
263,23
264,31
265,63
266,39
267,3
268,37
269,35
270,8
271,97
272,13
273,2
274,60
275,23
276,104
277,26
278,38
279,25
280,32
281,63
282,60
283,21
284,23
285,8
286,12
287,48
288,38
289,73
290,120
291,2
292,39
293,10
294,20
295,13
296,10
297,125
298,90
299,8
300,10
301,11
302,11
303,25
304,59
305,25
306,56
307,13
308,14
309,8
310,65
311,60
312,13
313,11
314,20
315,60
316,82
317,12
318,31
319,10
320,23
321,8
322,39
323,11
324,39
325,59
326,37
327,8
328,60
329,11
330,13
331,71
332,74
333,23
334,64
335,8
336,11
337,9
338,64
339,6
340,0
341,10
342,6
343,8
344,71
345,25
346,3
347,38
348,32
349,8
350,22
351,0
352,8
353,34
354,37
355,8
356,24
357,21
358,11
359,85
360,11
361,8
362,11
363,31
364,25
365,68
366,48
367,67
368,39
369,94
370,94
371,10
372,23
373,10
374,52
375,32
376,25
377,23
378,60
379,60
380,2
381,39
382,8
383,20
384,38
385,34
386,48
387,8
388,43
389,25
390,23
391,39
392,20
393,106
394,11
395,58
396,126
397,48
398,74
399,10
400,104
401,0
402,31
403,83
404,60
405,8
406,83
407,48
408,11
409,23
410,8
411,12
412,13
413,27
414,3
415,48
416,10
417,11
418,9
419,39
420,12
421,11
422,25
423,11
424,13
425,3
426,32
427,63
428,10
429,37
430,31
431,12
432,3
433,23
434,48
435,48
436,25
437,11
438,32
439,8
440,18
441,8
442,25
443,20
444,13
445,11
446,8
447,48
448,39
449,8
450,25
451,57
452,10
453,11
454,121
455,11
456,12
457,67
458,2
459,32
460,8
461,13
462,12
463,11
464,41
465,12
466,13
467,13
468,11
469,73
470,13
471,7
472,11
473,10
474,11
475,40
476,2
477,12
478,37
479,11
480,0
481,20
482,31
483,20
484,60
485,51
486,18
487,8
488,38
489,37
490,6
491,8
492,8
493,12
494,32
495,2
496,8
497,11
498,57
499,8
500,48
501,13
502,10
503,106
504,11
505,13
506,34
507,8
508,59
509,2
510,8
511,11
512,21
513,64
514,13
515,77
516,8
517,109
518,92
519,51
520,42
521,65
522,10
523,10
524,9
525,24
526,41
527,8
528,102
529,10
530,20
531,20
532,31
533,55
534,37
535,31
536,37
537,47
538,15
539,32
540,20
541,2
542,104
543,51
544,2
545,38
546,77
547,82
548,11
549,90
550,8
551,11
552,102
553,90
554,2
555,31
556,32
557,14
558,7
559,7
560,48
561,8
562,31
563,60
564,23
565,60
566,8
567,59
568,25
569,58
570,109
571,12
572,19
573,31
574,20
575,12
576,8
577,10
578,8
579,2
580,31
581,37
582,74
583,43
584,9
585,11
586,37
587,83
588,73
589,10
590,8
591,8
592,20
593,6
594,42
595,11
596,5
597,8
598,18
599,95
600,32
601,9
602,13
603,78
604,95
605,8
606,69
607,10
608,96
609,8
610,60
611,47
612,59
613,95
614,10
615,11
616,15
617,162
618,82
619,38
620,57
621,37
622,10
623,10
624,10
625,11
626,67
627,11
628,41
629,46
630,25
631,31
632,28
633,36
634,8
635,10
636,8
637,6
638,8
639,39
640,60
641,20
642,24
643,8
644,8
645,20
646,12
647,18
648,20
649,64
650,23
651,26
652,25
653,8
654,31
655,28
656,63
657,32
658,8
659,11
660,20
661,37
662,48
663,71
664,46
665,7
666,68
667,12
668,3
669,63
670,104
671,25
672,12
673,8
674,8
675,39
676,10
677,14
678,39
679,12
680,20
681,63
682,8
683,28
684,10
685,11
686,32
687,20
688,99
689,48
690,20
691,37
692,2
693,24
694,9
695,6
696,48
697,20
698,32
699,23
700,9
701,25
702,12
703,97
704,8
705,10
706,125
707,8
708,36
709,52
710,8
711,3
712,94
713,94
714,8
715,20
716,96
717,5
718,10
719,48
720,8
721,10
722,8
723,32
724,68
725,32
726,24
727,20
728,10
729,12
730,23
731,8
732,11
733,39
734,37
735,52
736,11
737,38
738,34
739,10
740,8
741,10
742,22
743,39
744,24
745,10
746,64
747,34
748,94
749,39
750,59
751,8
752,9
753,95
754,8
755,10
756,19
757,12
758,8
759,25
760,10
761,7
762,0
763,9
764,82
765,11
766,8
767,10
768,51
769,8
770,25
771,48
772,37
773,3
774,8
775,10
776,10
777,24
778,8
779,20
780,20
781,27
782,39
783,20
784,48
785,73
786,8
787,57
788,52
789,97
790,48
791,23
792,10
793,69
794,118
795,60
796,8
797,23
798,109
799,10
800,11
801,11
802,31
803,25
804,41
805,10
806,13
807,8
808,39
809,37
810,12
811,8
812,46
813,24
814,2
815,2
816,94
817,38
818,8
819,57
820,23
821,73
822,12
823,8
824,10
825,20
826,104
827,10
828,60
829,37
830,19
831,48
832,39
833,13
834,24
835,8
836,65
837,11
838,18
839,24
840,106
841,41
842,13
843,10
844,55
845,109
846,64
847,95
848,24
849,31
850,11
851,111
852,8
853,7
854,48
855,11
856,2
857,37
858,47
859,15
860,39
861,10
862,108
863,10
864,8
865,20
866,22
867,25
868,10
869,11
870,76
871,38
872,12
873,32
874,8
875,94
876,18
877,0
878,22
879,15
880,8
881,11
882,13
883,63
884,42
885,39
886,38
887,39
888,12
889,84
890,8
891,10
892,32
893,2
894,11
895,13
896,77
897,8
898,37
899,125
900,39
901,8
902,95
903,31
904,41
905,55
906,10
907,8
908,10
909,8
910,13
911,38
912,20
913,8
914,9
915,19
916,66
917,38
918,11
919,8
920,25
921,2
922,44
923,8
924,32
925,13
926,8
927,2
928,32
929,48
930,32
931,73
932,25
933,8
934,11
935,7
936,8
937,25
938,77
939,36
940,9
941,23
942,27
943,0
944,8
945,3
946,12
947,48
948,10
949,8
950,3
951,13
952,38
953,12
954,6
955,8
956,11
957,32
958,92
959,13
960,12
961,11
962,20
963,23
964,47
965,8
966,23
967,10
968,25
969,0
970,8
971,83
972,57
973,8
974,10
975,37
976,12
977,0
978,43
979,30
980,8
981,11
982,10
983,8
984,13
985,143
986,8
987,21
988,13
989,10
990,12
991,20
992,0
993,11
994,94
995,11
996,53
997,8
998,20
999,71
1000,32
1001,12
1002,63
1003,38
1004,0
1005,3
1006,9
1007,10
1008,109
1009,38
1010,11
1011,13
1012,12
1013,20
1014,8
1015,8
1016,57
1017,8
1018,32
1019,8
1020,31
1021,2
1022,12
1023,8
1024,55
1025,0
1026,13
1027,38
1028,23
1029,73
1030,7
1031,60
1032,12
1033,104
1034,0
1035,13
1036,13
1037,22
1038,2
1039,57
1040,48
1041,23
1042,22
1043,8
1044,120
1045,65
1046,20
1047,10
1048,8
1049,13
1050,60
1051,85
1052,38
1053,63
1054,39
1055,27
1056,8
1057,23
1058,32
1059,10
1060,78
1061,38
1062,10
1063,31
1064,8
1065,8
1066,23
1067,10
1068,22
1069,41
1070,53
1071,20
1072,16
1073,10
1074,48
1075,12
1076,10
1077,8
1078,60
1079,14
1080,20
1081,10
1082,24
1083,25
1084,10
1085,13
1086,8
1087,8
1088,20
1089,25
1090,32
1091,77
1092,77
1093,14
1094,48
1095,90
1096,9
1097,51
1098,39
1099,22
1100,18
1101,38
1102,48
1103,10
1104,51
1105,51
1106,20
1107,73
1108,13
1109,25
1110,32
1111,8
1112,10
1113,2
1114,48
1115,2
1116,10
1117,48
1118,10
1119,38
1120,25
1121,16
1122,97
1123,32
1124,41
1125,14
1126,77
1127,51
1128,13
1129,6
1130,37
1131,8
1132,37
1133,10
1134,48
1135,51
1136,31
1137,8
1138,23
1139,8
1140,30
1141,8
1142,69
1143,8
1144,185
1145,10
1146,0
1147,10
