512,4
2567,3
523,0
2060,0
527,5
21,3
3096,3
539,4
2092,1
564,2
2101,4
54,0
1592,0
1460,3
1180,1
3134,2
2624,4
1092,1
2118,5
1036,0
81,0
3161,4
3087,5
1120,3
2145,5
99,2
114,0
2168,4
633,3
3201,3
2691,4
645,2
2694,3
1162,3
2196,5
156,1
1818,1
709,0
160,2
2075,5
1990,3
1702,0
679,5
2218,1
2222,3
691,4
970,4
702,2
2245,2
1224,0
1737,5
714,1
3283,0
1998,4
2774,3
2169,5
1754,1
1254,3
1256,4
2795,2
751,3
3319,5
2298,0
1277,5
779,3
780,5
2317,5
786,4
282,1
795,1
2846,4
799,1
2854,2
1319,3
1327,0
1843,1
1341,1
1856,5
325,1
2892,5
334,3
2902,4
2912,5
867,4
2407,4
366,5
1903,2
1086,0
2422,0
1172,3
380,2
893,5
2432,4
1411,3
400,2
593,0
413,1
2463,1
2984,2
3228,2
2993,3
948,1
959,1
2129,4
2504,5
458,0
759,2
462,0
1999,0
976,4
3027,2
476,2
991,4
1105,2
488,0
3052,5
501,2
503,1
3065,1
2042,2
