2053,1
1547,5
1037,4
2063,0
533,1
537,1
2078,2
2594,3
551,4
1070,3
2610,3
52,5
1089,4
1091,0
1102,2
1805,3
84,2
1624,3
2404,1
92,5
2657,3
614,0
1127,1
1130,0
1639,5
2669,3
1811,5
118,5
2688,0
2689,0
1154,1
2155,0
2692,0
134,5
647,6
1164,5
1987,1
1684,3
1177,2
670,3
2213,3
2217,4
688,6
689,1
1714,0
184,2
2233,5
2234,5
703,6
704,6
1217,6
1228,0
205,2
724,0
2264,1
223,2
1260,4
1778,3
245,2
257,4
2310,6
1665,2
1289,4
780,1
781,4
1808,5
274,0
2323,5
1301,0
2326,0
1305,4
1826,1
808,1
809,6
813,0
1327,2
816,3
1334,3
315,6
1853,6
1861,4
2378,0
333,1
1362,3
1371,6
348,4
861,2
1936,4
355,4
1380,4
2407,1
2409,0
1902,2
2419,6
374,1
896,6
132,5
1923,6
907,0
2445,5
2448,5
2451,1
2458,1
923,4
525,6
2461,4
2462,0
1947,5
932,2
1957,6
1959,5
1960,6
1450,2
2480,3
1970,6
926,4
1467,3
444,0
1470,3
1471,3
1984,5
1473,4
451,6
964,2
2501,5
1482,2
2507,6
973,2
974,2
1490,4
469,3
983,2
2520,3
868,1
1506,6
2538,5
494,1
497,1
2043,2
1533,4
