1024,0
517,2
518,2
1551,0
16,5
2071,5
1560,2
5,0
1574,4
1575,5
3112,5
2090,5
690,4
776,2
2615,4
3128,3
1083,3
61,5
2113,0
580,3
72,3
1609,0
2124,1
3150,0
2202,5
2647,4
2137,3
3175,0
1128,3
1213,3
1140,1
1145,1
123,5
2176,5
2698,3
140,2
142,3
2703,0
536,1
3221,1
755,4
1178,1
1193,4
682,5
1714,2
3253,5
2742,0
1209,1
970,4
3262,1
705,3
1222,1
3282,0
1235,2
2261,4
1244,1
3310,2
1747,0
1782,1
762,5
1275,5
2813,3
811,3
1494,2
774,4
2824,2
2827,4
1069,2
1302,2
2850,5
1316,1
1830,4
1320,1
1835,4
2348,3
2354,0
2361,4
1338,4
1343,4
329,2
1506,2
847,1
2395,2
2399,0
870,5
1908,0
1405,5
895,3
385,1
2958,3
2966,3
2458,0
3226,0
2983,4
943,1
2482,1
435,4
1465,4
1978,2
443,5
1984,3
458,0
1997,3
462,0
2513,3
2514,1
470,5
2007,2
994,0
2811,4
2532,5
1513,1
492,0
1277,5
1994,2
2034,1
500,2
2554,2
1194,4
3070,3
