2561,2
3,4
1541,5
6,0
2567,3
3080,2
2571,5
1548,2
1039,1
1042,0
20,3
1049,1
539,4
2080,3
34,5
2054,4
2612,4
2613,4
55,3
1082,5
571,5
1089,1
3139,4
3140,3
582,2
1612,0
3151,1
1104,0
1620,1
2648,4
1115,0
3168,4
1635,1
1129,3
2159,1
1649,1
3186,1
2676,3
1146,1
1160,3
652,2
1180,1
2205,3
2733,1
676,3
3241,2
2221,3
3250,5
1727,5
712,2
1225,0
2250,2
1400,5
1236,2
727,5
2267,2
2784,0
1762,5
741,1
209,3
2792,1
745,5
754,4
1780,2
1276,5
1793,4
2307,0
788,3
2337,2
2856,2
309,5
1341,1
2101,4
835,0
1351,2
3212,5
2894,4
1361,1
1373,3
1887,0
1378,3
869,3
1894,2
880,1
1912,0
2425,4
381,5
2430,4
2952,0
2954,3
1935,5
2965,4
1944,0
2630,0
1959,0
1778,2
2485,5
1462,1
2292,4
955,1
1468,4
1474,2
453,0
673,3
983,0
3035,5
2527,1
481,2
507,2
3044,4
2533,3
3046,4
2536,5
492,0
1009,5
497,2
3070,3
1531,0
1020,4
1022,0
