2054,1
519,4
1034,0
1547,5
18,5
1556,6
1558,6
89,5
1561,6
2077,2
35,5
1060,0
1062,0
1579,3
2615,3
2106,0
571,4
1802,6
1086,1
1087,1
1088,1
2626,3
880,4
71,5
2632,5
2123,4
2645,5
1110,0
2137,5
91,5
2141,2
2658,3
1979,4
616,0
105,5
2159,6
2167,5
2686,4
1664,2
2696,1
2186,4
535,1
1170,2
1180,4
1696,3
2209,6
674,1
2211,3
2216,0
171,2
173,2
689,1
695,6
550,1
185,2
1210,4
700,6
1216,6
707,6
199,2
1736,5
1226,0
718,5
208,2
211,2
2262,1
1754,5
2272,0
1253,1
1255,4
233,6
751,2
244,6
1785,2
1789,3
768,4
769,1
259,5
261,2
262,2
1290,4
1815,3
1816,3
295,0
811,3
1841,3
1331,4
334,1
1333,2
310,6
312,6
1344,1
833,3
322,6
1675,4
1865,0
55,2
1870,1
1877,3
1367,3
2394,0
860,2
1376,1
867,1
1380,4
364,1
2414,6
2416,0
882,4
1914,3
1409,0
899,3
1926,3
2441,5
578,4
405,0
413,0
2462,0
415,2
1952,5
929,0
422,0
423,0
926,4
950,2
2491,3
2231,5
447,6
1986,1
459,6
1996,3
1998,1
976,2
469,3
2528,5
996,4
2543,5
1192,4
1526,6
2042,6
