3079,2
2057,4
1548,2
14,5
536,1
28,1
2592,2
1058,3
1062,1
42,2
44,1
3117,4
1590,3
57,1
3130,4
576,4
2627,5
580,3
71,3
1804,2
1099,3
1616,0
3153,1
3154,1
2643,0
3160,4
601,4
2139,1
1628,1
93,4
1631,1
1120,3
1633,1
2661,1
1128,3
1129,3
2666,0
631,2
128,5
1677,3
2192,2
2709,3
666,2
672,5
3233,4
676,3
171,2
3248,3
1201,1
2080,3
1732,1
2757,2
3270,1
203,5
2252,4
2509,5
2771,3
1756,1
890,0
464,0
2274,0
1259,2
1260,2
239,2
3314,2
2803,4
1275,5
1578,4
2302,5
2826,5
780,5
2317,5
2834,5
1823,2
2850,5
807,2
296,5
1244,1
810,4
812,3
1334,2
2886,4
1354,4
2892,5
1365,0
1367,2
856,5
866,5
2915,4
1907,0
1908,0
2935,0
1914,0
1915,0
1941,0
1410,3
2443,2
2453,4
2459,4
1445,2
2991,5
2121,4
3003,5
1471,0
1984,3
2502,0
455,0
1481,1
1995,3
460,4
3021,0
3024,1
2518,3
983,0
1505,0
3044,4
488,0
1107,5
1526,3
504,1
