1025,6
2051,2
2564,1
6,5
1,5
940,2
1036,0
525,6
1048,3
540,1
2077,2
1567,6
545,1
546,1
548,1
37,5
2086,3
2600,3
1067,3
44,5
560,4
1074,3
563,4
1588,4
565,4
1591,3
2616,3
1598,2
67,2
2118,3
71,5
76,5
2637,0
1104,2
2643,1
2655,0
97,5
1634,4
1128,1
1131,4
2158,6
114,5
2168,5
1300,0
1643,0
135,5
1675,4
154,5
158,6
2208,6
1185,3
162,2
1190,0
169,5
682,1
684,6
1650,2
179,2
2239,0
2242,1
2249,4
204,2
205,2
1239,4
549,1
227,2
2277,3
1769,5
1542,3
1268,4
760,4
1014,2
2299,1
768,4
1296,0
788,4
793,1
2332,0
1826,1
1926,3
1671,2
562,4
2099,6
2361,3
1340,0
318,6
1077,1
2370,0
1348,2
1864,0
1355,5
1874,0
1877,3
349,0
997,6
1889,1
354,4
881,4
882,4
374,1
2423,5
1257,4
2429,0
895,6
2432,0
897,6
1414,0
1425,3
1427,3
921,4
2459,3
924,4
1947,5
2468,5
1962,2
1452,2
949,2
1464,3
2492,1
1986,1
453,6
454,1
161,5
1021,1
1485,5
467,3
468,3
989,2
2533,5
1510,6
488,6
1518,6
1519,6
498,6
2038,0
1528,6
2041,0
2042,6
2043,2
426,0
