2053,1
523,4
2060,6
528,1
1553,5
1042,3
20,5
2071,6
536,1
2077,2
2078,2
1055,3
37,5
550,1
551,4
2089,0
1078,1
2228,4
1083,4
1599,4
2144,6
2571,3
2632,5
1621,5
2649,6
93,5
2142,2
2656,3
2657,3
610,0
2065,3
2664,1
109,5
116,5
1141,1
633,6
1146,1
2686,4
1368,3
2690,0
644,6
2187,5
194,2
1133,1
1172,5
1685,3
665,3
1690,0
158,6
2501,5
2211,3
1188,5
1701,4
1192,4
1193,4
172,2
689,1
1204,4
182,2
697,6
186,2
2422,5
1217,6
706,6
1220,6
2245,3
199,2
2252,5
719,0
208,2
1745,4
212,2
2270,4
1247,1
1249,4
209,2
502,6
2283,0
1775,6
2289,1
1780,5
1795,3
1291,0
784,4
787,4
2324,5
294,0
297,0
1835,3
2348,1
301,5
1326,2
334,1
1846,2
318,6
836,0
1350,4
2376,3
1358,3
1361,3
1880,0
1370,6
347,6
1892,1
231,1
372,1
374,1
1915,3
2428,0
1930,0
397,2
1019,4
914,0
916,6
419,0
1454,0
952,2
1268,4
1183,1
1471,3
449,6
2498,5
964,2
453,6
1015,2
1484,2
1699,6
980,2
2517,3
868,1
2013,3
990,4
2527,5
995,4
1704,0
2550,5
2039,0
2040,0
1018,2
1531,0
