1025,6
517,6
2054,1
1543,3
1037,4
14,5
2064,3
529,1
532,1
535,1
1561,6
2074,0
2587,3
540,1
1565,0
1054,3
2079,1
1569,6
2083,4
548,1
1574,3
1579,3
558,4
2613,3
2105,5
1085,1
2111,0
576,4
2230,2
72,5
1614,0
1623,0
88,5
868,1
2144,6
611,0
1126,3
1131,4
2159,6
113,5
1140,1
805,6
120,5
636,6
1150,0
2325,5
130,5
2181,0
137,5
1677,2
663,3
2586,0
672,4
1185,3
1563,4
676,1
678,6
1197,6
1711,0
1566,0
182,2
185,2
543,1
188,3
199,2
203,2
1740,4
206,2
208,2
210,2
1749,0
215,3
2511,0
2271,4
38,5
1258,4
751,2
2294,0
759,0
249,2
265,0
269,0
1301,0
1306,4
2341,3
1322,1
1016,2
310,6
2362,3
2363,3
325,5
2374,5
333,1
1876,5
341,2
1371,6
1887,5
353,4
315,6
356,1
359,1
1896,4
876,4
1389,4
368,1
371,1
2421,5
1923,6
2437,4
1687,6
397,2
404,0
1430,3
920,4
1948,5
1949,5
1439,3
933,2
2470,6
2472,6
924,4
954,2
1474,3
2499,5
246,2
1998,1
463,5
2512,3
2001,1
978,2
675,4
980,2
996,4
1446,2
2028,5
1517,6
2032,3
504,6
2042,6
2046,0
