519,5
3103,5
10,2
527,5
2066,3
1051,5
1055,5
1201,1
3116,2
1583,2
3122,3
1588,1
3126,5
3128,3
573,4
2110,0
1604,3
583,4
73,3
2122,5
3149,4
596,1
1109,1
2135,0
1112,1
1634,1
1132,3
110,4
2160,5
1137,5
2676,3
119,0
1674,0
2187,2
653,2
1168,1
1681,2
146,3
661,0
152,2
2713,4
2214,2
1708,1
2225,1
692,4
2229,1
696,1
186,4
187,4
705,3
1731,1
2250,2
207,5
2259,2
726,1
3293,0
3298,3
1765,5
3304,2
1258,2
1264,2
248,1
3043,4
257,2
1750,5
2319,5
1311,1
1373,3
792,0
559,3
796,3
799,1
2523,4
292,2
812,3
1331,2
2361,4
2874,3
2370,4
139,3
2884,5
1352,4
1866,1
2891,4
335,0
1360,1
56,3
1363,2
855,3
1884,5
1885,0
867,4
2922,0
1085,5
1904,0
1907,0
885,0
2433,4
1931,0
1422,4
2960,1
1944,0
2972,5
415,1
418,2
420,2
1458,5
2998,0
1951,4
2890,4
3014,5
1488,0
3032,0
1871,2
989,3
2019,4
3048,3
1007,5
3057,0
2557,0
