3075,2
2567,3
2066,3
532,1
1045,0
1559,2
25,0
3103,5
2086,2
1575,5
1068,3
53,2
574,4
2628,4
2634,2
2125,1
2126,1
2127,1
1123,1
102,5
1128,3
3179,5
2160,5
631,2
2681,4
2685,3
1155,1
132,2
645,2
2497,1
1160,3
2700,1
1218,5
1679,2
2706,0
1694,4
673,3
1190,4
2218,1
686,1
2921,3
3252,5
2231,2
184,4
3266,4
194,2
3274,3
2764,4
2766,0
1235,2
1754,1
2779,4
2780,4
1252,4
1830,4
3312,5
2771,3
250,0
2301,3
2814,3
257,2
259,1
2309,0
273,2
1306,0
2331,2
291,1
2852,3
2853,3
1318,1
135,2
1330,1
820,0
2357,1
310,5
2874,3
1857,5
837,1
838,4
327,1
331,0
1358,1
2900,4
2905,0
871,1
361,5
1922,3
387,5
2950,0
2443,2
396,5
1432,5
928,5
2479,5
1457,4
1970,4
2484,5
949,3
1463,4
2491,5
1470,0
1471,0
3008,5
3009,2
451,0
972,0
1999,0
3026,0
2518,3
3033,4
987,0
3036,5
2533,3
3047,4
1000,2
1001,3
493,2
2031,4
3056,0
3057,0
