3,5
2564,1
342,4
1539,1
1556,6
2596,3
550,1
1063,0
43,5
47,5
2102,5
59,5
1087,1
2627,3
1092,0
2629,3
74,5
953,2
1115,0
2150,6
1641,0
1644,1
109,5
1139,1
1143,1
633,6
635,6
638,6
1152,1
132,5
1673,2
1162,6
1676,0
2189,6
2328,0
963,2
1175,5
156,5
2205,3
159,5
1184,1
1186,3
675,4
1393,6
1196,4
174,2
1201,4
182,2
695,6
2233,5
1218,6
196,2
197,2
716,0
719,0
1744,6
2257,5
212,2
214,3
216,2
1244,1
1147,1
1252,4
229,2
721,5
1771,0
2287,0
1265,4
1267,4
244,6
1782,0
1279,4
768,4
1664,2
1798,3
264,5
1816,3
1308,2
1825,1
2341,3
295,0
2346,0
818,3
2697,1
314,6
1852,6
1342,0
319,6
838,0
2375,3
2188,6
1355,5
2018,1
1872,3
339,4
1366,3
344,4
863,4
866,1
1892,1
1681,4
1387,4
369,4
1913,3
389,2
390,0
1417,0
397,2
1422,0
1431,3
1432,3
1435,3
1948,5
932,2
421,0
924,4
1963,5
942,2
1268,4
2492,1
2496,0
961,2
451,6
454,1
459,6
972,2
162,2
974,2
975,4
1489,4
2211,3
469,3
2522,3
336,1
994,4
485,6
999,6
2543,5
2554,5
1022,1
