512,4
3,4
517,2
1031,3
1042,0
1048,1
29,2
2595,2
1060,1
549,2
2598,4
42,2
2604,4
2312,5
606,5
61,5
1094,1
3144,4
2633,1
593,0
2660,3
2142,4
612,0
2155,4
1649,1
2166,0
2679,3
633,3
2682,3
636,3
1663,4
3203,0
142,3
144,3
657,4
3220,5
2709,3
2201,2
2203,3
3230,2
3233,4
1703,0
2733,1
2222,3
2228,0
1205,1
2747,5
2933,0
706,5
711,2
3275,5
204,5
3279,1
2774,3
1755,1
736,5
2786,0
1830,4
1784,1
2301,3
1793,4
1799,1
2824,2
2831,4
2832,2
1811,4
286,2
2335,2
2338,0
294,4
2347,0
2354,0
822,0
828,5
1345,0
323,2
2375,3
1866,1
338,2
1364,2
344,1
857,2
866,5
357,1
2109,5
885,0
1405,5
2946,0
2437,5
391,5
2953,3
1667,4
2455,5
1947,0
1438,2
1951,4
1440,2
2982,4
1452,5
2991,5
2487,4
1467,1
956,1
2497,1
1475,0
1476,2
2209,3
1413,3
977,4
3032,0
1530,0
2527,1
2534,5
2535,3
1011,3
504,1
3065,1
2042,2
3067,5
3071,3
