3073,5
2455,5
1543,5
8,0
855,3
1548,2
531,1
3102,5
1433,2
1063,2
559,3
51,2
2102,5
1080,4
2110,0
1612,0
79,0
83,1
2648,4
2652,3
2142,4
3167,4
2147,4
1637,1
2153,4
2676,3
1655,1
1662,3
2687,1
128,5
2179,4
3209,0
140,2
3214,5
143,3
3223,4
1688,0
2203,3
3228,2
2215,3
1704,0
1705,0
2730,1
686,1
2738,4
2227,0
1211,3
3276,5
208,2
2769,3
731,5
222,5
1249,1
2275,3
3304,2
2285,0
1262,4
248,1
2809,0
765,1
2819,3
1796,2
1285,5
2312,5
266,1
2315,0
1298,2
2335,2
292,2
2853,3
1320,1
2347,0
2862,4
2865,2
824,1
315,5
1341,1
480,5
834,3
2884,5
2374,1
1870,3
3128,3
1879,1
2907,2
2396,2
2910,4
351,5
1378,3
1379,3
362,5
1388,4
2414,0
2418,0
2423,0
1417,4
407,2
403,0
1943,1
1432,5
2457,2
1436,1
1951,4
2490,1
1477,0
966,1
2508,5
1486,4
1272,2
2016,4
2017,4
3043,4
996,0
2533,3
2022,5
337,2
2033,4
1526,3
2557,0
510,2
