2560,0
1539,1
2564,1
1030,5
13,5
14,5
2064,3
2577,0
2068,3
1558,6
1561,6
2594,3
2595,3
1061,3
551,4
1064,0
1065,0
554,4
1077,1
1085,1
574,4
2623,3
1088,1
66,6
1609,4
588,0
2127,3
82,5
1806,5
1110,0
1111,0
1626,6
100,5
1894,4
529,1
2155,0
1133,1
1384,4
115,5
2676,0
1147,1
1665,2
1154,1
645,6
2408,4
1674,2
1164,5
664,3
1696,3
679,4
681,4
1199,6
178,2
1203,4
1717,3
694,0
706,6
1735,0
1744,6
1400,3
1746,4
212,2
2266,0
1755,5
1244,1
221,2
1772,0
240,3
756,5
249,2
1278,4
2310,6
775,4
776,6
1324,2
2208,6
1294,0
791,3
1308,2
1823,6
1312,5
1314,5
1835,3
1836,3
1326,2
1843,3
2356,2
1340,0
1344,1
1351,5
1353,5
331,2
1872,3
341,2
1367,3
1885,2
1374,6
870,1
1896,4
1852,6
2410,0
1903,3
336,1
1090,4
376,6
2425,1
575,4
380,2
2540,4
1421,0
1176,5
916,6
1941,5
1943,5
1433,3
936,2
1087,1
441,0
954,2
1985,1
965,2
1991,5
2511,0
1491,4
982,2
473,1
988,2
989,2
991,4
993,4
2532,0
997,6
487,6
2539,5
2028,5
494,1
496,1
500,6
2042,6
1023,1
