512,4
1031,3
1032,1
2220,0
3082,4
2571,5
3086,5
600,3
2066,3
532,1
22,0
2736,4
1575,5
2088,5
46,2
2612,4
3128,3
3136,4
1604,3
583,4
72,3
1099,3
2638,4
1108,5
3157,5
2136,5
1115,0
1635,1
2669,2
1135,2
1137,5
2170,4
2172,4
1662,3
2182,3
652,2
1677,3
3222,3
1688,0
1181,1
1695,4
160,2
636,3
1699,1
3236,4
166,1
2728,0
684,1
174,2
1200,1
3249,5
2231,2
2745,1
1216,3
705,3
710,0
2248,4
2765,4
1229,2
2781,2
225,5
2786,0
3300,5
2278,5
743,2
2793,2
747,5
2802,4
2003,1
2294,5
1271,1
252,0
2304,5
258,2
2310,5
267,1
787,4
2333,5
2851,5
2344,0
301,1
1328,0
821,4
1350,2
1864,1
1358,1
56,3
2905,0
1373,3
1887,0
1379,3
1380,0
2408,0
1385,0
364,4
1396,3
373,1
2936,0
1921,5
2961,4
403,0
1941,0
931,2
1445,2
2471,2
1963,1
1736,3
431,2
2994,5
948,1
445,1
2495,0
449,0
3016,2
2513,3
3027,2
474,4
2522,4
764,1
497,2
