1539,5
2566,5
1040,0
2070,2
25,0
541,4
2736,4
547,3
2481,1
3113,3
2614,4
59,3
3133,2
62,3
3135,1
68,1
74,3
76,3
1613,0
1102,3
1108,5
88,0
2650,0
603,2
618,0
2162,0
1142,1
631,2
1661,0
1662,3
2752,4
22,0
648,2
1164,3
2194,4
149,2
1989,1
1193,4
170,2
1735,5
1711,2
3248,3
1204,1
1212,3
2240,4
1221,2
1223,0
3191,2
3280,1
2778,2
1757,2
738,5
739,5
1255,5
2281,1
746,5
1776,1
3162,4
1782,1
2601,1
2299,0
2812,4
1277,5
775,4
2316,1
1816,4
1412,3
795,1
2332,5
3034,3
2853,3
297,1
812,3
303,1
314,5
1342,0
1343,4
321,1
838,4
1866,1
2908,2
863,5
865,5
2918,5
361,5
658,4
2421,0
888,2
1410,3
900,2
3201,3
1930,5
2958,3
2454,5
2971,5
1440,2
2980,0
428,0
1457,4
946,1
1460,3
1525,3
3009,2
965,0
1101,4
3024,1
2005,0
1498,4
2013,4
3041,2
1275,5
2020,4
1517,1
3055,0
1013,0
2039,0
1529,4
477,5
2555,2
2047,2
