0,20
1,48
2,10
3,101
4,65
5,3
6,10
7,10
8,10
9,57
10,8
11,8
12,41
13,11
14,10
15,83
16,90
17,37
18,2
19,11
20,10
21,2
22,10
23,53
24,3
25,2
26,8
27,10
28,67
29,8
30,10
31,31
32,73
33,10
34,11
35,37
36,141
37,57
38,83
39,10
40,25
41,73
42,9
43,10
44,8
45,32
46,11
47,2
48,8
49,38
50,10
51,20
52,3
53,102
54,10
55,11
56,14
57,12
58,18
59,8
60,39
61,8
62,47
63,12
64,10
65,104
66,8
67,2
68,13
69,5
70,32
71,10
72,8
73,8
74,9
75,73
76,10
77,23
78,18
79,8
80,8
81,57
82,8
83,10
84,0
85,24
86,60
87,31
88,13
89,37
90,11
91,2
92,7
93,6
94,8
95,11
96,10
97,126
98,12
99,20
100,31
101,67
102,77
103,10
104,36
105,0
106,51
107,31
108,10
109,34
110,10
111,39
112,48
113,10
114,47
115,8
116,20
117,6
118,27
119,15
120,8
121,37
122,41
123,11
124,25
125,32
126,10
127,65
128,15
129,23
130,8
131,39
132,44
133,9
134,40
135,24
136,121
137,9
138,8
139,2
140,22
141,13
142,48
143,18
144,77
145,10
146,48
147,20
148,10
149,13
150,47
151,64
152,6
153,104
154,63
155,36
156,10
157,8
158,95
159,10
160,48
161,32
162,130
163,8
164,27
165,8
166,25
167,18
168,37
169,11
170,13
171,48
172,41
173,37
174,8
175,0
176,124
177,13
178,11
179,8
180,34
181,18
182,10
183,9
184,31
185,23
186,8
187,67
188,63
189,18
190,10
191,20
192,10
193,39
194,65
195,8
196,25
197,13
198,2
199,11
200,38
201,8
202,51
203,94
204,10
205,69
206,12
207,8
208,52
209,8
210,37
211,14
212,60
213,2
214,8
215,8
216,20
217,11
218,20
219,10
220,20
221,8
222,20
223,10
224,47
225,91
226,8
227,32
228,8
229,11
230,24
231,74
232,8
233,10
234,10
235,2
236,8
237,37
238,65
239,0
240,8
241,48
242,25
243,120
244,10
245,94
246,13
247,37
248,51
249,39
250,31
251,85
252,10
253,3
254,14
255,73
256,34
257,8
258,10
259,36
260,27
261,76
262,31
263,8
264,11
265,38
266,23
267,12
268,11
269,32
270,13
271,37
272,10
273,20
274,8
275,13
276,8
277,78
278,25
279,101
280,8
281,10
282,37
283,43
284,10
285,121
286,5
287,5
288,39
289,20
290,10
291,64
292,8
293,64
294,32
295,0
296,8
297,78
298,13
299,11
300,13
301,25
302,65
303,38
304,111
305,79
306,8
307,48
308,8
309,90
310,10
311,8
312,74
313,51
314,46
315,10
316,32
317,25
318,10
319,11
320,13
321,11
322,24
323,13
324,92
325,12
326,37
327,8
328,97
329,31
330,30
331,39
332,10
333,32
334,13
335,8
336,19
337,8
338,8
339,0
340,11
341,8
342,51
343,11
344,32
345,7
346,13
347,85
348,12
349,112
350,8
351,106
352,2
353,112
354,32
355,21
356,0
357,6
358,47
359,2
360,32
361,73
362,69
363,97
364,32
365,2
366,13
367,8
368,7
369,18
370,38
371,10
372,162
373,68
374,8
375,77
376,7
377,76
378,47
379,37
380,39
381,48
382,106
383,94
384,93
385,37
386,106
387,2
388,18
389,0
390,23
391,10
392,12
393,2
394,10
395,11
396,90
397,107
398,10
399,104
400,11
401,8
402,37
403,23
404,8
405,14
406,13
407,94
408,48
409,8
410,12
411,11
412,57
413,60
414,59
415,63
416,23
417,48
418,10
419,8
420,12
421,11
422,35
423,84
424,57
425,38
426,90
427,8
428,97
429,37
430,14
431,43
432,12
433,0
434,11
435,41
436,8
437,8
438,32
439,31
440,2
441,19
442,10
443,8
444,64
445,20
446,41
447,10
448,60
449,25
450,162
451,31
452,39
453,11
454,141
455,5
456,28
457,2
458,38
459,11
460,64
461,10
462,44
463,42
464,7
465,38
466,79
467,10
468,8
469,8
470,11
471,99
472,0
473,36
474,24
475,10
476,8
477,34
478,12
479,8
480,8
481,36
482,38
483,10
484,51
485,12
486,51
487,10
488,31
489,18
490,65
491,83
492,38
493,20
494,9
495,21
496,10
497,37
498,95
499,11
500,8
501,10
502,11
503,64
504,67
505,8
506,20
507,11
508,64
509,20
510,11
511,66
512,8
513,12
514,108
515,48
516,68
517,11
518,6
519,0
520,14
521,12
522,14
523,11
524,12
525,99
526,10
527,11
528,32
529,11
530,42
531,11
532,63
533,10
534,59
535,20
536,66
537,13
538,20
539,31
540,65
541,13
542,23
543,0
544,32
545,77
546,11
547,8
548,9
549,8
550,68
551,120
552,18
553,20
554,24
555,0
556,94
557,26
558,8
559,125
560,8
561,23
562,8
563,2
564,141
565,95
566,8
567,27
568,39
569,10
570,101
571,94
572,11
573,8
574,100
575,68
576,47
577,12
578,8
579,38
580,37
581,13
582,10
583,51
584,109
585,112
586,10
587,10
588,31
589,10
590,25
591,38
592,57
593,37
594,38
595,32
596,8
597,51
598,48
599,48
600,22
601,13
602,37
603,97
604,94
605,72
606,23
607,162
608,96
609,11
610,48
611,8
612,32
613,18
614,11
615,32
616,95
617,25
618,109
619,77
620,39
621,23
622,10
623,51
624,5
625,10
626,65
627,24
628,6
629,8
630,20
631,11
632,10
633,10
634,24
635,9
636,39
637,28
638,39
639,58
640,18
641,10
642,8
643,0
644,11
645,94
646,8
647,48
648,10
649,37
650,10
651,18
652,66
653,118
654,10
655,8
656,20
657,104
658,59
659,77
660,18
661,48
662,8
663,10
664,22
665,8
666,32
667,91
668,11
669,25
670,23
671,23
672,8
673,15
674,23
675,9
676,8
677,77
678,9
679,76
680,13
681,10
682,8
683,2
684,23
685,8
686,57
687,10
688,8
689,59
690,38
691,93
692,8
693,13
694,57
695,11
696,8
697,64
698,64
699,11
700,39
701,37
702,104
703,37
704,11
705,24
706,10
707,10
708,12
709,10
710,74
711,8
712,10
713,10
714,5
715,8
716,10
717,8
718,60
719,39
720,14
721,23
722,20
723,11
724,11
725,185
726,13
727,48
728,20
729,51
730,37
731,11
732,39
733,12
734,13
735,32
736,3
737,57
738,13
739,73
740,39
741,60
742,44
743,37
744,31
745,7
746,5
747,39
748,57
749,39
750,11
751,2
752,13
753,65
754,12
755,56
756,8
757,20
758,8
759,12
760,22
761,41
762,24
763,57
764,31
765,7
766,13
767,8
768,20
769,8
770,8
771,8
772,39
773,37
774,10
775,11
776,2
777,8
778,13
779,38
780,8
781,12
782,163
783,31
784,20
785,60
786,31
787,147
788,10
789,13
790,84
791,10
792,38
793,8
794,11
795,10
796,48
797,84
798,8
799,11
800,10
801,67
802,20
803,8
804,10
805,10
806,10
807,55
808,10
809,10
810,60
811,8
812,106
813,44
814,109
815,8
816,8
817,41
818,112
819,8
820,97
821,73
822,60
823,11
824,107
825,11
826,14
827,32
828,13
829,8
830,60
831,125
832,25
833,60
834,24
835,9
836,42
837,64
838,10
839,8
840,60
841,48
842,12
843,23
844,12
845,24
846,48
847,11
848,57
849,13
850,13
851,38
852,41
853,18
854,0
855,0
856,13
857,8
858,30
859,57
860,18
861,23
862,37
863,39
864,10
865,37
866,18
867,11
868,10
869,38
870,37
871,90
872,12
873,12
874,2
875,9
876,60
877,61
878,13
879,60
880,11
881,5
882,27
883,27
884,12
885,48
886,23
887,13
888,13
889,0
890,10
891,18
892,9
893,38
894,36
895,106
896,34
897,8
898,43
899,35
900,57
901,42
902,90
903,8
904,10
905,67
906,65
907,94
908,34
909,31
910,12
911,38
912,8
913,7
914,11
915,32
916,18
917,24
918,8
919,8
920,10
921,32
922,10
923,13
924,37
925,13
926,20
927,8
928,11
929,11
930,10
931,8
932,10
933,67
934,12
935,37
936,12
937,11
938,12
939,60
940,11
941,39
942,6
943,10
944,11
945,31
946,8
947,6
948,48
949,10
950,8
951,46
952,5
953,10
954,11
955,101
956,22
957,32
958,82
959,31
960,16
961,57
962,57
963,39
964,25
965,39
966,8
967,10
968,107
969,11
970,23
971,0
972,23
973,13
974,60
975,18
976,21
977,6
978,2
979,11
980,8
981,8
982,48
983,39
984,23
985,6
986,2
987,12
988,41
989,8
990,62
991,48
992,10
993,8
994,11
995,13
996,8
997,37
998,53
999,31
1000,10
1001,57
1002,39
1003,20
1004,22
1005,11
1006,21
1007,32
1008,20
1009,118
1010,11
1011,10
1012,0
1013,11
1014,10
1015,10
1016,24
1017,23
1018,21
1019,11
1020,34
1021,13
1022,12
1023,11
1024,30
1025,143
1026,23
1027,48
1028,83
1029,32
1030,55
1031,8
1032,34
1033,48
1034,14
1035,96
1036,11
1037,55
1038,65
1039,124
1040,37
1041,21
1042,39
1043,38
1044,8
1045,10
1046,32
1047,10
1048,71
1049,23
1050,31
1051,20
1052,27
1053,10
1054,13
1055,97
1056,13
1057,47
1058,0
1059,38
1060,10
1061,63
1062,11
1063,10
1064,18
1065,11
1066,8
1067,101
1068,60
1069,12
1070,53
1071,18
1072,10
1073,124
1074,20
1075,10
1076,20
1077,0
1078,5
1079,2
1080,8
1081,9
1082,0
1083,8
1084,31
1085,6
1086,18
1087,56
1088,111
1089,57
1090,41
1091,30
1092,8
1093,21
1094,73
1095,8
1096,13
1097,2
1098,60
1099,27
1100,95
1101,71
1102,12
1103,41
1104,31
1105,35
1106,11
1107,12
1108,104
1109,18
1110,42
1111,84
1112,20
1113,27
1114,67
1115,13
1116,16
1117,10
1118,48
1119,34
1120,32
1121,8
1122,23
1123,10
1124,60
1125,94
1126,2
1127,37
1128,11
1129,32
1130,71
1131,11
1132,31
1133,20
1134,141
1135,8
1136,8
1137,19
1138,10
1139,72
1140,13
1141,11
1142,25
1143,63
1144,2
1145,12
1146,24
1147,13
1148,78
1149,25
1150,8
1151,10
1152,27
1153,77
1154,10
1155,11
1156,51
1157,48
1158,63
1159,65
1160,38
1161,39
1162,141
1163,32
1164,37
1165,104
1166,8
1167,11
1168,65
1169,25
1170,8
1171,6
1172,11
1173,96
1174,60
1175,8
1176,10
1177,8
1178,11
1179,36
1180,2
1181,39
1182,9
1183,31
1184,8
1185,9
1186,43
1187,0
1188,12
1189,10
1190,14
1191,0
1192,8
1193,94
1194,8
1195,48
1196,23
1197,52
1198,24
1199,37
1200,20
1201,60
1202,8
1203,12
1204,25
1205,38
1206,38
1207,57
1208,94
1209,13
1210,48
1211,8
1212,56
1213,0
1214,2
1215,24
1216,67
1217,12
1218,12
1219,8
1220,55
1221,0
1222,46
1223,32
1224,10
1225,48
1226,23
1227,43
1228,0
1229,37
1230,79
1231,20
1232,51
1233,13
1234,73
1235,8
1236,10
1237,83
1238,39
1239,13
1240,12
1241,32
1242,11
1243,8
1244,83
1245,8
1246,11
1247,53
1248,21
1249,37
1250,48
1251,39
1252,3
1253,7
1254,13
1255,11
1256,59
1257,8
1258,85
1259,14
1260,8
1261,10
1262,48
1263,11
1264,20
1265,96
1266,8
1267,10
1268,11
1269,9
1270,55
1271,3
1272,11
1273,32
1274,96
1275,12
1276,8
1277,12
1278,10
1279,7
1280,6
1281,60
1282,48
1283,37
1284,8
1285,10
1286,8
1287,18
1288,10
1289,34
1290,11
1291,38
1292,13
1293,94
1294,20
1295,48
1296,31
1297,25
1298,12
1299,20
1300,8
1301,8
1302,109
1303,13
1304,8
1305,59
1306,24
1307,8
1308,2
1309,6
1310,11
1311,18
1312,18
1313,8
1314,7
1315,11
1316,36
1317,11
1318,67
1319,112
1320,11
1321,11
1322,60
1323,47
1324,23
1325,48
1326,38
1327,20
1328,37
1329,10
1330,96
1331,8
1332,20
1333,68
1334,25
1335,8
1336,8
1337,27
1338,20
1339,120
1340,2
1341,92
1342,30
1343,74
1344,48
1345,10
1346,13
1347,39
1348,39
1349,8
1350,8
1351,39
1352,8
1353,13
1354,104
1355,19
1356,57
1357,51
1358,99
1359,3
1360,8
1361,60
1362,8
1363,2
1364,104
1365,101
1366,104
1367,11
1368,8
1369,39
1370,112
1371,10
1372,57
1373,52
1374,32
1375,42
1376,18
1377,112
1378,8
1379,12
1380,39
1381,8
1382,37
1383,12
1384,40
1385,2
1386,55
1387,10
1388,20
1389,39
1390,60
1391,8
1392,9
1393,11
1394,12
1395,109
1396,3
1397,59
1398,38
1399,23
1400,8
1401,10
1402,8
1403,38
1404,65
1405,8
1406,6
1407,83
1408,19
1409,23
1410,8
1411,20
1412,25
1413,63
1414,8
1415,130
1416,13
1417,0
1418,10
1419,12
1420,46
1421,8
1422,63
1423,8
1424,58
1425,37
1426,20
1427,147
1428,28
1429,97
1430,13
1431,0
1432,47
1433,13
1434,9
1435,8
1436,20
1437,57
1438,10
1439,22
1440,18
1441,8
1442,69
1443,8
1444,32
1445,0
1446,8
1447,7
1448,71
1449,8
1450,0
1451,14
1452,52
1453,66
1454,12
1455,46
1456,39
1457,9
1458,12
1459,48
1460,8
1461,10
1462,24
1463,22
1464,38
1465,18
1466,7
1467,39
1468,23
1469,8
1470,31
1471,41
1472,25
1473,48
1474,13
1475,32
1476,8
1477,46
1478,36
1479,48
1480,67
1481,96
1482,24
1483,37
1484,13
1485,39
1486,11
1487,63
1488,53
1489,8
1490,10
1491,31
1492,8
1493,65
1494,18
1495,31
1496,14
1497,9
1498,8
1499,20
1500,11
1501,57
1502,8
1503,37
1504,20
1505,7
1506,11
1507,10
1508,8
1509,2
1510,91
1511,8
1512,8
1513,60
1514,5
1515,12
1516,53
1517,48
1518,8
1519,15
1520,31
1521,8
1522,13
1523,23
1524,8
1525,20
1526,12
1527,20
1528,11
1529,20
1530,38
1531,32
1532,23
1533,0
1534,24
1535,11
1536,39
1537,11
1538,41
1539,20
1540,63
1541,23
1542,102
1543,8
1544,107
1545,20
1546,13
1547,37
1548,2
1549,85
1550,12
1551,10
1552,94
1553,102
1554,13
1555,0
1556,3
1557,84
1558,40
1559,8
1560,10
1561,24
1562,12
1563,10
1564,14
1565,69
1566,8
1567,66
1568,37
1569,10
1570,112
1571,23
1572,0
1573,13
1574,19
1575,32
1576,57
1577,10
1578,10
1579,20
1580,52
1581,118
1582,48
1583,163
1584,120
1585,109
1586,19
1587,48
1588,39
1589,11
1590,12
1591,14
1592,10
1593,10
1594,13
1595,10
1596,37
1597,8
1598,2
1599,13
1600,60
1601,60
1602,11
1603,8
1604,53
1605,11
1606,23
1607,6
1608,23
1609,11
1610,10
1611,109
1612,104
1613,57
1614,57
1615,21
1616,48
1617,12
1618,2
1619,12
1620,22
1621,10
1622,8
1623,48
1624,48
1625,12
1626,3
1627,19
1628,20
1629,95
1630,60
1631,12
1632,8
1633,109
1634,48
1635,2
1636,28
1637,11
1638,20
1639,35
1640,11
1641,8
1642,2
1643,20
1644,10
1645,10
1646,71
1647,10
1648,38
1649,95
1650,67
1651,8
1652,23
1653,24
1654,37
1655,24
1656,0
1657,11
1658,23
1659,23
1660,62
1661,39
1662,6
1663,31
1664,8
1665,20
1666,13
1667,67
1668,5
1669,11
1670,10
1671,8
1672,32
1673,3
1674,94
1675,13
1676,38
1677,109
1678,48
1679,92
1680,73
1681,23
1682,20
1683,0
1684,10
1685,23
1686,48
1687,13
1688,37
1689,5
1690,77
1691,3
1692,59
1693,104
1694,8
1695,77
1696,8
1697,27
1698,104
1699,41
1700,10
1701,13
1702,0
1703,69
1704,23
1705,24
1706,62
1707,11
1708,8
1709,163
1710,10
1711,20
1712,12
1713,9
1714,100
1715,96
1716,36
1717,8
1718,10
1719,60
1720,26
1721,11
1722,11
1723,13
1724,11
1725,8
1726,53
1727,38
1728,27
1729,14
1730,10
1731,23
1732,7
1733,8
1734,8
1735,14
1736,12
1737,8
1738,8
1739,10
1740,23
1741,106
1742,97
1743,83
1744,23
1745,10
1746,32
1747,10
1748,20
1749,85
1750,31
1751,32
1752,47
1753,60
1754,10
1755,20
1756,8
1757,20
1758,12
1759,5
1760,13
1761,8
1762,23
1763,8
1764,12
1765,10
1766,10
1767,23
1768,9
1769,10
1770,118
1771,41
1772,10
1773,18
1774,51
1775,25
1776,10
1777,85
1778,24
1779,11
1780,39
1781,11
1782,8
1783,8
1784,38
1785,39
1786,0
1787,8
1788,23
1789,13
1790,8
1791,10
1792,10
1793,69
1794,11
1795,10
1796,3
1797,77
1798,32
1799,19
1800,42
1801,24
1802,9
1803,51
1804,20
1805,8
1806,13
1807,60
1808,8
1809,8
1810,60
1811,23
1812,10
1813,6
1814,24
1815,23
1816,8
1817,37
1818,8
1819,37
1820,39
1821,37
1822,112
1823,13
1824,71
1825,27
1826,37
1827,0
1828,47
1829,0
1830,2
1831,22
1832,25
1833,2
1834,48
1835,73
1836,23
1837,46
1838,23
1839,0
1840,13
1841,11
1842,73
1843,13
1844,6
1845,9
1846,11
1847,2
1848,39
1849,64
1850,90
1851,7
1852,5
1853,46
1854,60
1855,25
1856,47
1857,76
1858,10
1859,12
1860,32
1861,65
1862,10
1863,2
1864,11
1865,18
1866,20
1867,8
1868,23
1869,11
1870,8
1871,2
1872,12
1873,58
1874,53
1875,38
1876,48
1877,38
1878,27
1879,37
1880,59
1881,77
1882,24
1883,13
1884,8
1885,20
1886,34
1887,20
1888,104
1889,11
1890,126
1891,8
1892,2
1893,11
1894,9
1895,85
1896,23
1897,104
1898,48
1899,8
1900,48
1901,23
