513,2
2061,0
1551,0
2582,1
27,1
2076,3
544,4
1058,3
547,3
51,2
2618,5
571,5
1654,1
68,1
582,2
3146,5
1108,5
100,2
2143,1
1632,1
1122,5
2148,4
617,0
2676,3
3190,2
2167,4
124,5
3201,3
3204,3
3205,0
136,2
139,3
1167,5
195,1
660,0
1173,0
151,2
1688,0
2713,4
155,5
2204,0
2205,3
1696,5
3236,4
3240,1
1197,3
2846,4
1209,1
2237,5
1731,1
630,2
1226,4
2257,2
2787,0
2788,2
741,1
2280,4
2281,1
2795,2
2287,1
2800,0
1777,2
2291,4
3316,1
761,1
3094,0
770,3
897,0
779,3
1410,3
2836,5
2331,2
1310,3
799,1
1833,1
306,0
1332,2
2755,0
2874,3
1419,4
1353,4
1867,2
1870,3
1875,2
2389,4
2390,2
58,4
1896,5
2924,0
1390,1
1911,0
1685,4
1409,5
1922,3
903,5
906,5
1931,0
912,2
921,0
413,1
929,5
418,2
2979,4
1446,4
427,0
1455,4
3002,5
444,2
2501,5
1486,4
2511,3
1188,1
474,4
475,5
2531,5
3048,3
1002,3
3056,0
1525,3
1020,4
