1,5
1541,3
1546,4
534,1
1048,3
539,1
1058,0
1574,3
39,5
860,2
2090,5
1586,1
1587,4
1076,1
2615,3
1085,1
1086,1
67,2
1121,1
1102,2
185,2
1626,6
2145,5
1122,4
2147,5
1129,1
619,0
2163,0
1660,2
637,6
1152,1
641,6
1666,2
1669,2
2696,1
1170,2
1686,3
663,3
1180,4
159,5
2212,3
677,1
681,4
1197,6
1199,6
1720,3
1908,5
700,6
2238,0
1217,6
1218,6
2244,4
197,2
202,2
718,5
727,0
1240,6
2271,4
1248,1
976,2
226,2
1255,4
2280,3
247,2
1277,3
255,0
261,2
1290,4
2264,1
786,3
791,3
1304,4
1311,5
288,0
1319,5
1832,1
1834,0
300,0
1840,3
311,6
479,6
1854,4
1855,5
321,6
330,5
2379,1
332,5
846,4
848,4
2387,5
2388,0
1877,3
858,2
348,4
354,4
867,1
2406,1
362,4
875,4
884,4
374,1
888,5
1921,0
1923,6
388,0
1417,0
1934,0
401,0
411,0
1436,3
1438,2
927,0
933,2
2470,6
1447,5
1965,4
1459,3
1461,3
2491,3
1472,3
2500,5
455,6
697,6
1483,2
2511,0
2000,0
2003,1
1503,0
336,1
2023,4
488,6
2537,5
1514,6
2027,5
253,2
1526,6
1527,6
1016,2
510,3
2559,5
