2560,2
1024,0
2051,4
2052,4
517,2
2062,1
2563,5
21,3
3094,0
1562,5
2076,3
42,2
1069,2
2312,5
2103,1
2616,2
59,3
1092,1
70,0
3149,4
1102,3
2127,1
3152,1
83,1
86,1
1631,1
614,0
618,0
2669,2
2162,0
3191,2
3192,2
1145,1
637,3
1150,2
2175,5
136,2
3214,5
143,3
2196,5
1130,3
2202,5
156,1
1198,1
181,4
189,4
2240,4
200,2
2250,2
2261,4
214,2
216,1
2782,5
736,5
1763,1
745,5
748,4
1780,2
2301,3
2814,3
2817,5
2820,3
1288,5
778,2
779,3
1293,5
2831,4
2836,5
2325,3
2847,4
1073,3
1868,3
2863,4
816,0
2868,4
822,0
1338,4
1344,0
834,3
907,5
1866,1
403,0
2893,4
334,3
850,4
1367,2
2905,0
2907,2
1894,2
2419,4
2934,0
2424,4
1913,0
1404,4
1581,5
1918,1
2955,0
2093,1
2451,4
1428,3
917,1
2978,3
2630,0
3117,4
1968,0
2994,5
440,1
3006,5
1525,3
969,0
1482,1
1995,3
462,0
3023,0
468,2
2012,1
999,2
1008,5
1013,0
1015,5
