513,2
5,0
1,0
2568,5
1551,0
540,2
2081,3
1584,2
1074,2
3124,4
2616,2
571,5
2111,0
1376,2
1604,3
1974,5
2913,3
2121,4
2636,1
2638,4
2641,1
86,1
2649,0
90,1
2654,0
95,3
2155,4
3190,2
121,0
127,5
646,2
2192,2
2193,4
2707,0
2244,1
2206,3
1221,2
1184,1
676,3
167,1
169,2
1194,4
1204,1
3255,3
3257,5
1724,5
2749,4
1729,5
2756,5
2757,2
1735,5
1739,5
3279,1
2259,2
462,0
1239,2
217,1
3298,3
2793,2
749,4
751,3
752,0
2771,3
2298,0
764,1
2818,5
780,5
2321,4
2844,2
1317,1
1838,1
2353,0
1848,2
2365,3
1343,4
322,2
1349,0
2886,4
842,3
1365,0
352,1
1889,5
871,1
1384,3
2922,0
365,5
2928,0
1001,3
2424,4
1403,4
2432,4
1411,3
1417,4
1934,5
1423,4
913,1
415,1
930,3
1447,4
1276,5
1462,1
2491,5
959,1
450,0
2503,0
76,3
2506,5
974,4
463,0
3032,0
2521,4
2022,5
3048,3
489,5
2215,3
497,2
498,2
1523,1
1527,3
509,4
