515,2
3078,2
1031,3
2059,4
2076,3
3108,1
1062,1
2091,1
559,3
2608,1
3122,3
1594,0
1089,1
2627,5
2120,1
76,3
788,3
2128,2
593,0
594,0
2131,4
2133,3
2149,0
2667,5
109,4
630,2
2169,5
3201,3
1131,3
649,2
3211,5
144,3
148,2
153,2
154,2
2722,2
2729,0
172,2
1199,1
2230,4
183,4
3257,5
2241,4
1732,1
2248,4
1747,0
3286,1
1240,0
36,5
1756,1
1829,2
1250,1
2276,5
2277,4
2291,4
1268,1
1269,1
2813,3
774,4
2319,5
2435,4
1300,2
2771,3
2777,4
2853,3
1838,1
2865,2
317,2
2381,0
1870,3
1873,2
2900,4
1881,0
2396,2
2400,4
2704,4
1892,0
1895,5
365,5
2415,0
3220,5
1920,0
387,5
390,5
2952,0
2959,0
2455,5
2969,1
1434,3
923,1
1946,3
416,1
1956,0
1957,4
1949,3
1968,0
435,4
1974,5
1468,4
1471,0
1479,4
2506,5
1869,5
1488,0
2519,3
3038,5
2529,3
994,0
3043,4
1512,1
2026,2
2539,5
2642,0
499,2
3061,1
681,2
1016,5
2042,2
3071,3
2559,1
