2561,2
519,5
11,0
1549,1
2064,4
22,0
2071,5
3096,3
1050,1
1565,2
1570,2
547,3
1573,1
2086,2
2605,4
46,2
3122,3
2825,5
1592,0
574,4
1093,1
589,0
1615,0
2132,1
2133,3
89,0
1117,5
1122,5
1127,2
1128,3
2154,4
3181,3
2162,0
2750,4
2921,3
3198,0
1664,2
129,2
132,2
2182,3
1676,0
2706,0
3220,5
1175,1
3224,4
1694,4
677,2
679,5
3248,3
190,2
3269,2
2251,4
717,0
3279,1
1235,2
1749,5
1252,4
1257,4
3308,5
1783,1
2813,3
771,3
2309,0
1288,5
265,1
1290,5
2829,4
813,5
1296,5
1297,5
2692,1
797,1
287,1
2849,4
291,1
1317,1
1319,3
808,3
1325,0
2862,4
1335,2
1336,4
314,5
827,1
2374,1
328,1
2841,0
339,2
2276,5
1882,0
358,1
1384,3
1897,3
362,5
364,4
62,3
1398,2
2946,0
1411,3
1931,0
2457,2
1950,3
2983,4
427,0
950,5
2489,5
2492,4
1981,1
1997,3
974,4
3027,2
1502,2
2529,3
1506,2
3044,4
2541,5
3057,0
511,4
2557,0
1109,1
