2564,1
2058,4
524,4
15,1
2066,3
3092,0
22,0
1563,2
2588,2
2081,3
3107,1
2089,5
1067,5
1582,0
1077,1
2616,2
3131,4
1546,1
575,5
1600,0
3143,2
2637,4
1618,1
1623,1
3161,4
3166,4
357,1
3177,2
106,4
108,4
2672,1
626,5
3192,2
1657,1
635,5
3198,0
3201,3
646,2
1673,0
2704,4
1681,2
1172,3
661,0
665,2
1690,0
2207,3
2209,3
3236,4
678,2
369,3
682,5
2162,0
686,1
2233,4
1211,3
2254,4
1237,4
2269,2
2853,3
1762,5
2280,4
144,3
236,2
3309,3
1270,2
2809,0
1786,1
3324,5
1287,5
786,4
276,2
277,1
284,1
2846,4
2694,3
1320,1
821,4
313,0
834,3
2376,3
842,3
337,2
2900,4
1880,0
1371,5
1886,0
353,1
2402,5
1381,0
2919,5
1391,0
2417,0
1915,0
1928,2
395,5
1420,5
2455,5
2471,2
2988,4
944,1
1459,1
956,1
445,1
1990,3
969,0
464,0
3029,5
2519,3
3322,5
478,5
2529,3
484,2
489,5
2541,5
3054,2
869,3
1531,0
3068,2
509,4
3070,3
