515,4
4,5
2053,1
2392,0
1045,0
535,1
2564,1
2076,0
2083,4
1572,6
1581,3
264,5
2610,3
55,2
1599,4
2627,3
2124,4
80,5
2644,1
1631,4
98,5
1511,6
1638,0
1643,0
2669,3
1214,6
2168,5
2686,4
1665,2
2178,6
705,4
140,5
2242,1
1133,1
659,3
964,2
154,5
671,3
1696,3
28,5
171,2
687,1
183,2
184,2
185,2
1211,6
190,2
1217,6
1730,3
2243,1
1484,2
2262,1
730,0
1246,1
806,6
1765,0
1256,4
1772,0
1773,0
1264,4
2289,1
246,2
1273,4
2300,1
1793,4
775,4
1288,4
778,4
267,0
793,1
289,0
294,0
2343,3
811,3
302,0
1334,3
1503,0
2375,3
2376,3
567,4
1869,1
2386,6
1365,3
2390,5
1368,3
860,2
1374,6
1253,1
867,1
869,1
873,4
1387,4
368,1
1401,3
1923,6
2454,2
2446,5
2447,5
918,6
924,4
1178,4
417,0
2466,0
933,2
2470,6
1960,6
1450,2
1522,6
2478,3
2484,3
957,2
1184,1
1986,1
331,2
1988,5
2503,5
456,6
2508,3
974,2
2000,0
978,2
982,2
474,0
2012,3
2015,5
2528,5
481,6
995,4
2535,5
1003,6
1519,6
2544,5
498,6
2547,5
1527,6
2040,0
2043,2
2044,5
2045,5
2389,0
