515,4
2564,1
2565,0
9,5
10,5
2574,3
1552,5
1554,5
2068,3
22,5
538,1
1563,4
2588,3
36,5
1075,1
58,5
2623,3
2116,2
865,1
1103,2
222,2
1113,0
2138,5
2651,0
1122,4
1637,4
2664,1
619,0
2668,0
2670,3
1044,3
635,6
2685,4
1152,1
1155,4
2183,0
1672,2
1249,4
140,5
1680,4
963,2
1686,3
154,5
1180,4
2206,3
539,1
1188,5
2213,3
170,2
1479,3
1713,0
1714,0
692,6
696,6
186,2
374,1
712,3
203,2
2253,5
1230,0
633,6
548,1
730,0
733,2
734,0
225,2
739,0
1774,6
1783,0
1272,4
2297,0
1274,4
1277,3
1280,4
1798,3
263,2
2323,5
1813,5
473,1
798,4
2335,5
290,0
1830,1
818,3
1332,0
1333,2
831,2
1344,1
321,6
327,5
330,5
845,3
995,4
860,2
2398,1
353,4
1893,4
359,1
872,1
1394,6
643,6
1398,3
575,4
200,2
2512,3
1419,0
2449,6
917,6
920,4
2457,6
1690,0
1950,5
2465,0
1450,2
427,2
945,2
946,0
1465,3
954,2
1471,3
2499,5
455,6
2505,1
1997,1
1345,1
464,5
1490,4
2008,3
985,2
762,6
483,6
490,6
1515,6
495,1
498,6
2037,6
504,6
1529,6
506,4
1023,1
