8,0
1033,2
1546,1
526,1
1041,0
1053,1
2081,3
3106,1
2083,3
92,1
51,2
2101,4
2103,1
2617,2
3131,4
3138,4
695,5
2640,4
2168,4
2652,3
2664,0
115,0
1470,0
361,5
2680,0
1145,1
637,3
1154,2
2691,4
2698,3
3211,5
2707,0
2198,3
664,2
2713,4
1184,1
1700,1
2217,0
2737,5
2163,0
3254,3
2743,1
1212,3
1725,5
1216,3
3267,4
2245,2
3273,3
3274,3
1743,0
209,3
211,5
2772,2
1241,5
3294,3
3296,2
739,5
740,5
1253,4
2812,4
257,2
2829,4
1296,5
2333,5
2853,3
296,5
1835,4
2953,3
1339,0
316,2
318,2
1248,2
2883,5
481,2
1079,3
2391,4
1886,0
2916,4
869,3
2961,4
2409,0
1901,5
1902,1
372,1
888,2
892,4
1406,0
2434,4
899,1
2441,1
2364,1
1425,4
1940,0
922,1
1948,4
1949,3
2462,2
2480,2
2482,1
1973,5
950,5
951,0
1464,5
2489,5
1982,0
1696,5
3010,2
1476,2
2000,0
981,3
992,0
993,0
2530,5
485,2
1518,1
1520,1
1522,1
681,2
1528,4
3071,3
