512,3
2,0
515,4
1544,3
1547,5
527,4
534,1
1052,3
1053,3
542,1
1569,6
2082,0
1067,3
2095,3
1076,1
53,5
1083,4
481,6
2116,2
1619,0
1621,5
1110,0
1623,0
2137,5
2152,4
2161,3
115,5
1653,4
630,0
1655,2
1144,1
122,5
1660,2
1152,1
2690,0
1159,1
648,6
2498,5
655,3
1681,4
671,3
2208,6
1701,4
1704,0
682,1
1197,6
687,1
2225,4
2235,3
189,2
1141,1
194,2
197,2
200,2
203,2
2252,5
2259,5
2273,4
226,2
1767,0
744,2
2283,0
1262,4
1266,4
1169,5
1270,4
1784,2
259,5
2312,2
265,0
1666,2
1806,5
793,1
799,6
1825,1
475,5
1319,5
808,1
810,4
1323,1
2348,1
817,3
2361,3
317,6
2375,3
1864,0
1872,3
852,1
341,2
1368,3
346,4
1371,6
349,0
1374,6
351,4
359,1
872,1
877,0
2024,4
1396,6
2423,5
2436,5
903,4
392,0
1423,3
401,0
914,0
403,0
1443,3
2470,6
1460,3
2485,0
950,2
1977,5
957,2
960,2
1985,1
1474,3
967,2
969,2
970,2
460,6
1997,1
2523,1
476,5
2526,4
165,5
1360,3
1958,6
486,6
2023,4
488,6
1006,6
2543,5
1522,6
503,6
1528,6
1529,6
1020,0
1194,4
