514,2
2066,3
27,1
1114,0
32,2
2083,3
552,2
2601,1
3114,2
53,2
2917,4
3132,4
72,3
73,3
2128,2
3154,1
2137,3
2138,5
1628,1
1631,1
2661,1
1809,5
104,3
3181,3
3196,2
3206,0
3210,0
1677,3
144,3
1682,1
659,4
1174,0
666,2
1693,4
2206,3
2721,2
3099,4
2221,3
695,5
1724,5
191,2
3265,0
3272,0
206,2
211,5
2782,5
737,5
3309,3
752,0
2771,3
2807,4
42,2
1279,5
770,3
1287,5
264,1
2828,4
1808,1
273,2
1813,4
1815,4
1307,0
1308,1
1827,2
2694,3
299,1
300,1
302,1
307,0
2358,0
3125,0
2886,4
2379,1
2381,0
2383,0
2906,2
351,5
2401,5
1381,0
1897,3
1386,2
1899,5
2934,0
2424,4
377,1
2939,0
2944,0
3222,3
2438,5
1927,5
1928,2
749,4
912,2
919,0
2459,4
1948,4
417,1
932,5
1965,4
1455,4
2992,5
438,1
2494,0
2497,1
2891,4
964,1
1997,3
2512,5
470,5
474,4
990,3
3049,5
2026,2
2543,4
2544,0
2545,4
2035,1
2548,5
3068,2
1023,3
