4,5
1549,5
529,1
1046,3
536,1
29,5
2591,3
2594,3
1059,0
1061,3
42,5
1071,3
2099,6
2614,3
2617,0
1087,1
576,4
71,5
2632,5
2121,3
2125,3
2128,4
83,4
2645,5
2648,5
89,5
91,5
2661,0
108,5
2161,3
1138,0
1145,1
2173,3
1664,2
1153,4
1156,6
2695,0
2668,0
1676,0
143,5
195,2
148,5
2201,0
162,2
2211,3
677,1
625,0
1705,0
1202,4
1719,3
1724,3
189,2
1219,6
199,2
1737,0
206,2
1132,1
1742,3
892,6
237,6
238,3
893,6
240,3
244,6
245,2
2299,1
764,0
254,4
213,2
1793,4
783,4
2323,5
1303,4
795,6
1315,5
1828,1
2342,3
809,6
1834,0
2349,1
1333,2
2697,1
829,0
319,6
324,5
2379,1
333,1
2382,2
2386,6
1365,3
1081,1
1885,2
353,4
1891,4
1380,4
1893,4
2406,1
1137,0
1389,4
374,1
489,6
380,2
2429,0
1921,0
386,0
916,6
2453,5
918,6
921,4
1946,5
1443,3
2471,6
1088,1
425,0
938,2
427,2
942,2
2482,4
1980,5
1473,4
843,3
1476,4
1014,2
1480,6
1482,2
971,2
461,6
1152,1
846,4
983,2
2523,1
485,6
2534,5
2300,1
494,1
1519,6
1010,0
1526,6
937,2
1533,4
