2563,5
1541,5
2570,5
1036,0
1549,1
2062,1
23,0
27,1
1457,4
3115,2
45,2
561,1
570,5
95,3
64,3
1602,0
583,4
2128,2
593,0
1619,1
2135,0
3166,4
1119,5
1637,1
2150,3
2152,4
3177,2
1132,3
2671,1
275,1
2367,5
1659,3
2173,2
128,5
3201,3
2178,4
3204,3
3209,0
2188,5
1169,5
1173,0
3222,3
1175,1
664,2
156,1
2205,3
1698,4
1190,4
682,5
171,2
175,2
182,4
3255,3
1723,5
3260,0
1730,3
3274,3
2251,4
204,5
1237,4
1241,5
1757,2
229,1
742,2
1776,1
758,4
2819,3
784,2
786,4
1811,4
796,3
1822,2
2849,4
802,0
294,4
2343,0
2348,3
306,0
1330,1
1851,2
829,3
831,1
1872,2
1367,2
344,1
1883,0
2397,2
2399,0
872,1
373,1
1910,0
2424,4
2937,0
2939,0
381,5
1922,3
1926,2
392,5
2454,5
2477,2
433,1
441,1
443,5
1475,0
2501,5
1990,3
967,4
1992,0
3027,2
981,3
982,0
1529,4
2522,4
480,5
3044,4
2029,2
2546,5
1526,3
1017,0
1534,1
