2052,1
1031,6
1544,3
2059,3
12,5
1549,5
1553,5
2068,3
2564,1
1562,6
548,1
1068,0
1582,4
2609,3
562,4
1590,4
567,4
1605,0
2630,3
2632,5
524,6
2635,0
1102,2
2130,0
2137,5
1116,6
2142,2
1631,4
2657,3
2407,1
1132,1
856,2
2676,0
118,5
124,5
2173,3
643,6
648,6
649,6
2702,0
2706,0
2196,0
537,1
2207,6
1184,1
2211,3
1188,5
677,1
686,1
692,6
182,2
696,6
2233,5
189,2
195,2
1654,4
710,3
2615,3
203,2
206,2
2260,5
213,2
728,0
1246,1
1764,0
743,0
2281,3
234,6
1319,5
1266,4
245,2
2296,0
212,2
763,6
768,4
257,4
2309,4
1288,4
44,5
2434,0
1825,1
1314,5
1073,3
2344,0
1836,3
309,6
312,6
1857,5
324,5
1078,1
1867,0
1848,4
1678,2
342,4
2392,0
228,2
1882,4
862,2
864,4
1890,4
356,1
359,1
875,4
364,1
146,5
376,6
2425,1
892,6
1406,3
1919,5
898,3
1345,1
2441,5
1935,3
912,0
2451,1
1946,5
1444,0
2470,6
1447,5
1096,4
435,0
952,2
1465,3
959,2
1476,4
968,2
2507,6
760,4
467,3
2638,0
2007,3
932,2
988,2
478,3
489,6
495,1
1520,6
1015,2
1023,1
