1538,1
2564,1
1622,0
518,3
521,4
855,2
15,0
1552,5
529,1
2580,3
2581,3
1049,3
1711,0
858,2
31,5
2080,1
34,5
2596,3
2598,3
2599,3
40,5
1581,3
1070,3
1077,1
2615,3
948,2
571,4
1598,2
1607,0
2123,4
594,0
2132,0
86,5
1632,4
2268,5
1129,1
583,3
2322,6
1556,6
634,6
1147,1
636,6
1156,6
449,6
649,6
140,5
2701,0
143,5
1173,5
669,3
539,1
2217,4
170,2
687,1
1203,4
2230,2
1737,0
194,2
245,2
2249,4
717,0
1748,0
2262,1
633,6
220,2
1251,1
228,2
2001,1
1779,3
244,6
1781,0
246,2
1271,4
1236,2
251,6
2304,0
1835,3
1287,4
1288,4
1289,4
269,0
1450,2
1814,5
1668,2
798,4
1315,5
2343,3
809,6
1323,1
777,6
2349,1
825,0
319,6
840,3
1353,5
2382,2
335,1
1874,0
340,0
343,4
344,4
1370,6
1888,5
1870,1
2405,1
878,4
883,4
2423,5
891,6
1922,6
1924,3
389,2
2438,5
2439,0
2445,5
1946,5
2543,5
1957,6
2472,6
2474,0
939,5
945,2
1460,3
950,2
954,2
443,0
2492,1
1471,3
1985,1
1990,5
975,4
1489,4
981,0
989,2
2018,1
1514,6
2031,4
2033,3
502,6
1533,4
