2050,4
1027,1
13,1
1553,1
1555,0
1556,2
26,1
1051,5
31,2
3107,1
548,2
1575,5
3113,3
42,2
1582,0
3131,4
3132,4
1602,0
1604,3
2120,1
3145,5
2124,1
3158,0
90,1
1631,1
2145,5
2146,4
2664,0
617,0
1132,3
621,5
113,4
1140,1
1658,5
124,5
637,3
3202,3
3205,0
136,2
649,2
1170,2
1690,0
1692,0
3229,2
3231,4
2726,0
1704,0
169,2
2737,5
182,4
1720,3
3259,0
191,2
721,2
3285,2
216,1
2785,0
1764,5
2279,5
2792,1
2793,2
2288,4
753,1
755,4
1270,2
1275,5
1295,5
2481,1
1813,4
2855,2
1835,4
812,3
2863,4
818,1
2359,5
1336,4
315,5
2879,4
2370,4
2376,3
1871,2
2384,3
852,4
1880,0
345,1
348,1
1378,3
1083,3
744,2
2938,0
2428,5
898,1
1415,1
2449,3
409,2
2460,4
1441,0
930,3
1446,4
935,5
2204,0
2474,0
2632,0
3000,5
1471,0
1985,2
3011,3
2523,4
480,5
3045,4
2535,3
2079,3
1001,3
2032,5
2034,1
1525,3
1526,3
1527,3
1532,5
2047,2
