0,41
2,46
3,14
5,15
6,19
7,16
8,239
9,26
10,179
11,126
12,66
13,80
14,18
15,4
16,2
18,33
19,9
20,68
21,9
22,10
23,57
24,29
25,25
26,2
27,15
28,4
30,5
31,33
32,44
34,11
35,4
36,10
37,54
38,37
39,47
40,3
41,15
42,7
43,5
44,4
46,8
47,13
48,54
51,16
52,5
53,9
55,6
56,3
57,26
58,3
59,9
60,34
61,1
62,3
63,11
64,11
65,16
66,5
67,13
68,5
69,6
71,6
72,2
73,12
74,4
76,4
77,12
78,3
79,3
82,1
83,8
84,5
85,7
90,7
91,3
92,3
93,2
94,15
95,7
96,8
97,8
99,3
100,2
101,6
102,3
104,15
106,6
107,4
108,1
109,9
111,2
112,9
118,4
120,4
121,2
124,3
125,2
126,2
130,2
141,5
143,1
147,2
162,3
163,3
185,1
