1536,4
1538,2
1032,1
1551,0
1040,0
3093,4
1558,5
1566,2
1058,3
1573,1
1713,2
1066,5
3117,4
871,1
2103,1
2105,2
575,5
2114,5
71,3
74,3
1615,0
83,1
607,4
3168,4
611,2
3179,5
1142,1
2168,4
2685,3
2174,0
2179,4
132,2
3206,0
651,2
3219,5
152,2
2203,3
2205,3
2501,5
1189,1
1702,0
1393,4
509,4
681,2
1194,4
3249,5
1207,1
1726,5
705,3
2166,0
3272,0
3273,3
890,0
3295,4
2275,3
2789,2
2790,2
1772,3
2292,4
245,2
2300,3
2815,3
1795,2
2318,5
783,2
273,2
3203,0
1812,4
2850,5
806,0
811,3
1327,0
2353,0
2883,5
328,1
2530,5
369,3
339,2
2900,4
2902,4
344,1
1884,5
2911,1
2913,3
1379,3
1383,3
2921,3
877,5
2417,0
2931,1
887,1
1400,5
2426,4
1915,0
915,2
409,2
2031,4
412,1
2463,1
713,5
427,0
429,0
1970,4
1463,4
1467,1
452,0
1989,1
1997,3
3024,1
2002,5
3028,2
985,2
2528,1
994,0
2543,4
680,5
3070,3
1279,5
2218,1
1022,0
