1024,4
2054,1
1548,5
344,4
2581,3
1048,3
31,5
1061,3
1577,3
2090,5
44,5
2100,6
1077,1
1144,1
2623,3
66,6
1092,0
1606,0
587,0
2124,4
590,3
2127,3
80,5
2129,0
1107,0
84,2
100,5
102,5
1132,1
2157,5
624,0
1139,1
2677,0
1656,3
2684,4
1661,0
1665,2
1667,2
135,5
1161,4
143,5
1169,5
2195,5
1686,3
1177,2
453,6
1186,3
164,5
1701,4
2214,0
680,4
1133,1
2228,4
1720,3
2079,1
2240,6
2001,1
2245,3
198,2
200,2
1225,4
1997,1
721,5
1234,6
2339,3
1913,3
2264,1
218,2
1244,1
222,2
228,2
743,0
744,2
235,0
1263,4
253,2
2685,4
1796,3
2311,4
776,6
778,4
2263,1
788,4
795,6
1315,5
1830,1
809,6
1322,1
2348,1
1843,3
1334,3
823,0
318,6
1344,1
339,4
1880,0
347,6
1372,6
1885,2
350,6
864,4
865,1
2402,0
369,4
2424,5
2425,1
1087,1
1407,0
384,0
2440,5
889,6
1090,4
913,0
918,6
921,4
1441,2
2471,6
1451,6
428,0
942,2
2480,3
438,0
952,2
1467,3
1471,3
1987,1
964,2
965,2
1991,5
970,2
1485,5
977,0
1188,5
986,2
479,6
1513,6
490,6
2036,6
1525,4
2043,2
