1027,1
4,4
770,3
2065,2
23,0
1560,2
538,1
2075,5
2080,3
1569,2
1570,2
550,2
2094,1
2608,1
49,2
3122,3
2106,2
62,3
2628,4
585,5
1099,3
2914,4
2642,0
1379,3
3157,5
1110,1
2135,0
2652,3
607,4
1120,3
1122,5
1125,1
617,0
1131,3
2670,2
1136,2
2676,3
3189,2
2166,0
1143,1
123,5
134,2
2186,5
2189,0
3215,0
2705,1
2197,3
3227,4
1180,1
3098,1
1183,1
676,3
3239,4
1197,3
456,0
2744,2
2234,5
2242,4
1226,4
204,5
2769,3
722,5
1751,1
975,4
1249,1
739,5
228,5
1259,2
2288,4
242,0
756,4
1730,3
1785,1
258,2
268,1
2319,5
558,1
2849,4
803,4
2857,3
1322,0
1837,0
2877,4
2880,1
1346,0
1348,4
331,0
1356,0
1871,2
2385,5
143,3
2402,5
2403,5
1898,5
875,2
1389,4
369,3
1911,0
1912,0
392,5
2971,5
924,1
1949,3
1954,2
1959,0
1448,4
2485,5
950,5
955,1
1987,2
968,0
971,4
1999,0
2516,4
2521,4
1509,1
2023,2
1106,3
2045,2
1022,0
