1538,1
2051,2
2564,1
2053,1
1030,5
1032,6
521,4
2058,3
2059,3
1555,5
1560,4
1049,3
538,1
1054,3
545,1
34,5
2599,3
1067,3
562,4
1079,4
2616,3
1596,3
2109,5
574,4
2627,3
1206,4
582,0
1100,0
2128,4
2130,0
355,4
1626,6
2144,6
612,0
1654,4
1655,2
632,0
2683,4
2178,6
1672,2
1673,2
138,5
653,6
142,5
2192,2
148,5
1177,2
681,4
683,1
1197,6
182,2
201,2
1209,4
2242,1
2245,3
711,3
1225,4
2594,3
2260,5
1422,0
2425,1
733,2
738,0
1251,1
2278,3
1769,5
237,6
750,3
1270,4
1794,4
503,6
776,6
781,4
2318,5
783,4
1809,5
1810,5
279,0
286,0
1825,1
1827,1
807,6
2352,0
1842,3
1845,0
2358,6
1849,3
1674,2
481,6
1865,0
2381,4
847,3
398,0
1373,1
2398,1
867,1
1381,0
2411,2
1901,6
2417,0
371,1
373,4
1172,5
906,0
2445,5
2446,5
749,0
1424,3
1941,5
2454,2
409,0
2458,1
1448,5
937,2
943,2
433,0
1458,1
959,2
960,2
1478,3
1517,6
1481,2
2507,6
973,2
462,5
979,2
2005,4
2523,1
2529,5
2505,1
1510,6
2025,0
1003,6
492,6
1618,3
497,1
1522,6
1961,6
1017,2
10,5
