1539,5
519,5
1548,2
2061,0
685,2
3091,2
3097,5
1058,3
548,2
1578,4
3079,2
2613,4
1078,5
567,4
2106,2
63,2
2117,0
70,0
3147,0
81,0
3155,0
2132,1
1109,1
1626,1
2654,0
869,3
2157,0
2158,0
2162,0
1143,1
2684,2
637,3
3201,3
3202,3
1667,4
3204,3
2183,4
137,5
1685,4
2711,1
2200,5
1179,1
2204,0
670,5
2209,3
171,2
2733,1
691,4
2749,4
1217,0
3273,3
3274,3
1739,5
2765,4
1230,2
212,5
2265,2
2270,1
1254,3
2290,4
246,2
1281,5
1284,5
1495,2
271,0
2321,4
276,2
3289,0
1310,3
2949,0
2848,4
1830,4
1833,1
298,1
2348,3
1844,1
1341,1
833,3
837,1
848,4
2396,2
2917,4
2023,2
1900,5
2926,4
367,5
370,1
2931,1
887,1
376,5
2937,0
1915,0
1413,3
390,5
2958,3
1428,3
406,5
1435,3
2461,4
2975,5
2976,2
2979,4
1444,2
1094,1
242,0
2973,0
1990,3
982,0
2519,3
2013,4
800,1
336,5
1507,1
3047,4
3048,3
1005,5
1010,5
2035,1
1524,2
2046,2
