3,4
2565,4
2222,3
2582,1
2588,2
1058,3
3118,4
3119,4
3122,3
2103,1
2616,2
61,5
65,3
2626,1
2116,0
1605,4
1609,0
2123,5
76,3
596,1
85,2
600,3
1113,0
3165,0
2147,4
1125,1
106,4
871,1
2156,4
1134,3
1135,2
626,5
116,0
1152,5
645,2
2183,4
650,2
1675,0
149,2
3226,0
2209,3
162,2
1704,0
1197,3
2734,5
689,4
1204,1
1046,1
2753,4
1220,1
198,2
1223,0
3274,3
718,1
213,5
1238,2
2269,2
1248,2
740,5
2277,4
2278,5
1770,2
242,0
758,4
1272,2
259,1
271,0
1820,2
807,2
1321,0
1836,5
2868,4
1340,4
2698,3
2879,4
2375,3
1352,4
842,3
1359,1
1361,1
1875,2
1370,5
2401,5
1895,5
1907,0
1909,0
890,0
2943,0
1927,5
2959,0
1939,0
2969,1
922,1
415,1
933,5
2473,0
2479,5
328,1
2491,5
956,1
3007,5
673,3
2722,2
3025,4
466,3
2004,1
2017,4
3043,4
2532,5
2533,3
1510,1
1000,2
1001,3
1002,3
3070,3
1016,5
1019,0
1533,5
2046,2
3071,3
