2052,1
517,6
2567,0
1544,3
2573,3
856,2
20,5
1558,6
2393,0
539,1
541,1
30,5
545,1
546,1
1572,6
2597,3
39,5
42,5
1589,3
2102,5
1596,3
2621,3
1121,1
1608,0
2121,3
1104,2
1635,4
86,5
2649,6
1115,0
1631,4
1120,4
609,0
1122,4
611,0
529,1
360,6
2494,4
2527,5
1147,1
2685,4
643,6
645,6
535,1
2702,0
655,3
2705,0
1170,2
154,5
156,5
2206,3
1697,3
1701,4
1197,6
175,2
2228,4
2078,2
2231,5
2235,3
190,2
195,2
708,4
200,2
1225,4
1123,1
2259,5
1240,6
2268,5
1269,4
765,6
1792,3
257,4
258,6
2347,1
263,2
2316,4
1832,1
1322,1
1323,1
1836,3
1325,2
1326,2
305,0
2356,2
823,0
313,6
827,0
1852,6
831,2
1344,1
1857,5
2370,0
1860,0
2373,5
331,2
1870,1
1873,5
1368,3
1881,4
858,2
1373,1
1375,6
353,4
2403,0
1892,1
1894,4
1896,4
365,1
573,4
1904,0
1906,2
1398,3
2423,5
1405,3
865,1
1411,0
399,0
1426,3
403,0
917,6
409,0
411,0
1437,3
1955,5
1956,4
935,2
2481,3
958,2
2499,5
966,2
2506,6
971,2
460,6
476,5
477,3
2539,5
486,6
2023,4
488,6
1515,6
