1042,0
2070,2
2074,2
3108,1
1061,4
39,2
1068,3
2337,2
3119,4
1073,3
2614,4
58,4
2619,3
1596,0
2110,0
1633,1
2634,2
3153,1
1106,3
1108,5
3161,4
602,2
3165,0
609,0
1634,1
2153,4
1554,1
1648,1
3185,0
2676,3
1726,5
2689,5
1669,5
1681,2
1178,1
1180,1
158,2
671,5
624,5
2211,3
2502,0
168,2
181,4
182,4
190,2
1221,2
711,2
2248,4
1227,0
222,5
2786,0
233,5
3306,5
3309,3
2287,1
1782,1
1787,1
2813,3
1279,5
2313,0
2826,5
2519,3
1805,2
1294,5
2849,4
1841,2
1833,1
300,1
2864,2
817,0
1842,0
1844,1
1344,0
334,3
2391,4
864,5
1083,3
1383,3
874,5
2535,3
1900,5
882,1
2421,0
1403,4
746,5
2431,5
1930,5
1419,4
2958,3
2463,1
2465,0
1446,4
2983,4
2119,3
2480,2
1011,3
1463,4
1098,4
3010,2
3011,3
2500,2
454,0
455,0
3020,0
2509,5
3025,4
983,0
473,5
1498,4
2129,4
2024,2
1513,1
492,0
1523,1
1525,3
1527,3
504,1
2553,1
2556,2
1023,3
