1024,4
1549,5
528,1
856,2
1556,6
2590,3
2079,1
1569,6
1570,6
548,1
1573,6
2599,3
2088,3
41,5
557,4
1077,1
2616,3
569,4
62,5
1088,1
2115,4
2632,5
587,0
866,1
2061,6
1107,0
596,0
2645,5
86,5
2139,6
95,5
1633,4
102,5
1127,1
1656,3
2683,4
638,6
1154,1
1669,2
2696,1
2697,1
1679,4
2705,0
1682,5
451,6
153,5
1181,4
227,2
682,1
1195,3
1197,6
178,2
188,3
189,2
2244,4
197,2
2246,3
199,2
204,2
2256,3
723,0
377,0
2265,2
635,6
230,2
233,6
1525,4
236,6
2288,4
211,2
757,0
253,2
1793,4
1797,3
2310,6
1289,4
1809,5
896,6
1831,1
1838,3
817,3
309,6
1335,0
828,0
1854,4
1345,1
325,5
1867,0
336,1
2387,5
340,0
341,2
1368,3
1423,3
1889,1
2402,0
1892,1
1905,2
888,5
1913,3
1914,3
2428,0
1408,0
576,4
2441,5
2447,5
912,0
1426,3
2451,1
408,0
1947,5
412,0
2470,6
2475,0
1452,2
941,2
1967,1
2485,0
952,2
2494,4
2037,6
450,6
2123,4
2501,5
455,6
970,2
460,6
1997,1
464,5
2515,3
980,2
2008,3
2009,3
989,2
2019,4
2024,4
2544,5
497,1
1013,0
1019,4
