1,5
2562,0
2054,1
520,4
2573,3
14,5
529,1
18,5
1283,4
533,1
534,1
1560,4
2077,2
2078,2
547,4
1542,3
2086,3
2087,3
2140,2
2090,5
555,4
2604,3
557,4
2105,5
1599,4
1603,0
97,5
1096,4
73,5
1617,0
83,4
2134,4
2137,5
1116,6
2657,3
1133,1
2671,0
1538,1
1144,1
121,5
2689,0
132,5
1163,6
141,5
1168,2
1173,5
1177,2
2208,6
162,2
677,1
2214,0
683,1
684,6
176,2
1201,4
1718,3
1720,3
1722,3
1212,6
192,2
2243,1
1220,6
2252,5
718,5
1745,4
1243,0
734,0
1760,0
226,2
229,2
1255,4
2282,3
751,2
1791,3
1281,4
1795,3
260,2
129,5
780,1
2317,4
1156,6
1314,5
1319,5
1322,1
2348,1
815,0
1842,3
827,0
830,0
831,2
1346,2
2380,4
2383,3
1370,6
861,2
1936,4
2404,1
1381,0
875,4
1911,0
2425,1
2428,0
1928,0
394,0
1419,0
1423,3
1424,3
2449,6
1427,3
1433,3
2458,1
1951,5
1446,2
1009,6
1960,6
937,2
2475,0
1965,4
1971,5
948,2
1012,6
954,2
1471,3
1377,6
1998,1
988,2
2525,4
2470,6
487,6
2026,0
1006,6
2543,5
497,1
2034,3
2643,1
1524,6
2037,6
1528,6
2042,6
767,1
