1537,4
1540,3
520,4
2060,6
529,1
18,5
1557,6
1562,6
2079,1
544,1
688,6
35,5
2597,3
550,1
1066,0
2610,3
1079,4
59,5
1086,1
579,0
2116,2
78,5
2639,0
1616,0
2646,5
868,1
1628,0
94,5
1126,3
1639,5
2664,1
1141,1
2684,4
1150,0
2176,3
2178,6
644,6
2181,0
1158,3
2702,0
2194,4
1174,5
1687,6
1177,2
1183,1
673,3
676,1
1189,0
1702,4
685,6
1198,0
176,2
1719,3
1721,3
1211,6
1212,6
1725,3
196,2
204,2
2255,6
721,5
211,2
1241,1
1759,0
737,0
1233,0
234,6
1260,4
2287,0
2686,4
767,1
769,1
2311,4
1800,3
2313,0
281,0
1306,4
2331,3
796,6
2334,5
2338,3
1829,1
1830,1
1325,2
1840,3
1329,0
1330,2
1846,2
1851,0
828,0
1854,4
320,6
1346,2
2273,4
328,5
1354,5
1873,5
851,4
347,6
866,1
355,4
356,1
1384,4
361,4
1390,4
1903,3
1394,6
372,1
2537,5
1920,5
389,2
2440,5
915,6
1941,5
406,4
1944,5
2459,3
415,2
1441,2
1442,3
1447,5
1247,1
1450,2
1967,1
949,2
950,2
957,2
1984,5
975,4
2002,6
467,3
1493,0
990,4
1001,6
935,2
1523,6
1017,2
818,3
938,2
510,3
