516,2
6,0
2570,5
16,5
3229,2
943,1
2081,3
1571,2
2596,1
2085,4
3110,1
2602,3
556,5
776,2
3122,3
2103,1
59,3
2111,0
580,3
1099,3
1623,1
3160,4
2652,3
1060,1
1632,1
2154,4
890,0
1136,2
1667,4
1157,0
2697,5
138,5
1163,3
2189,0
144,3
2194,4
2195,5
2196,5
2205,3
112,0
2734,5
1711,2
2226,1
1204,1
694,3
699,1
2748,4
1216,3
706,5
201,2
1226,4
1744,0
1745,0
1746,0
3285,2
729,1
733,2
222,5
2277,4
2769,3
2531,5
2261,4
769,0
258,2
2820,3
1800,2
1801,1
1812,4
286,2
645,2
812,3
1854,5
321,1
326,1
2888,4
329,2
338,2
995,0
2904,0
348,1
2911,1
870,5
877,5
879,1
369,3
378,0
1915,0
894,5
899,1
833,3
1426,4
2457,2
1604,3
2459,4
1949,3
2465,0
1956,0
2986,2
429,0
2990,5
157,2
2487,4
1978,2
444,2
452,0
459,4
1997,3
974,4
975,4
2005,0
3037,5
479,5
2528,1
3043,4
3044,4
2021,5
3046,4
1513,1
1006,5
1012,0
