2066,3
2076,3
1056,3
2595,2
2602,3
557,2
1582,0
3122,3
1212,3
3124,4
53,2
1078,5
2618,5
1601,0
68,1
1101,4
2133,3
2135,0
100,2
2665,0
622,4
1142,1
647,2
3215,0
1685,4
665,2
3226,0
2203,3
2205,3
1182,1
679,5
2729,0
1711,2
699,1
2748,4
1728,5
3266,4
718,1
1233,0
1238,2
1240,0
2266,2
2781,2
1764,5
230,0
209,3
1768,1
1769,1
1267,1
1269,1
3320,2
3321,2
762,5
1275,5
1283,5
2308,0
2831,4
3288,0
2840,0
285,1
2334,5
290,5
1827,2
1319,3
2857,3
391,5
2348,3
2158,0
817,0
2360,4
313,0
841,1
842,3
2893,4
847,1
2900,4
341,5
1369,3
1884,5
1373,3
2401,5
869,3
2406,1
1898,5
2927,0
368,5
2425,4
1402,4
1403,4
2429,4
895,3
1924,2
389,5
2950,0
1415,1
2440,0
912,2
913,1
2962,4
928,5
1953,2
1450,1
2717,5
2206,3
329,2
1977,1
1981,1
2505,4
461,2
845,4
978,4
469,5
982,0
2524,3
2527,1
1465,4
1509,1
2027,2
2555,2
1021,4
