1027,4
9,5
2058,3
524,6
2576,0
3,5
2069,3
1559,4
25,5
687,1
28,5
2589,3
2590,3
1567,6
32,5
547,4
39,5
1586,1
2100,6
1077,1
1591,3
568,4
1546,4
2110,4
1973,5
2115,4
73,5
1615,0
1208,4
82,5
596,0
597,0
2646,5
1122,4
102,5
2669,3
629,0
2169,3
635,6
2685,4
2688,0
1668,2
645,6
2696,1
2697,1
138,5
2188,6
2189,6
109,5
2207,6
163,5
171,2
1199,6
180,2
2505,1
696,6
185,2
543,1
1141,1
2080,1
707,6
1226,0
205,2
1744,6
1235,0
2266,0
1245,1
222,2
1759,0
230,2
1776,3
1266,4
2291,3
1784,2
1290,4
274,0
2323,5
793,1
1819,3
808,1
299,0
2348,1
1326,2
308,0
2360,0
1076,1
1346,2
1350,4
327,5
845,3
2384,3
342,4
859,4
1885,2
354,4
1386,4
371,1
884,4
374,1
375,1
2314,6
1915,3
1919,5
2442,3
2443,3
2451,1
397,2
1425,3
403,0
920,4
411,0
1438,2
2463,0
933,2
2471,6
372,1
839,0
1966,1
1461,3
438,0
1609,4
1469,3
1471,3
452,6
965,2
967,2
457,6
1994,0
1995,6
2508,3
461,6
974,2
978,2
490,6
935,2
971,2
2544,5
504,6
2045,5
2559,5
