2052,1
1541,3
1033,0
1558,6
2585,0
2074,0
2078,2
945,2
2600,3
1589,3
2616,3
2111,0
2116,2
71,5
1608,0
2633,5
2643,1
2651,0
93,5
1118,4
1121,1
1638,0
2153,5
1134,6
2159,6
1650,2
629,0
2166,0
637,6
2174,5
1985,1
137,5
1681,4
1987,1
1684,3
1174,5
1049,3
2206,3
1695,3
683,1
173,2
1199,6
2231,5
1208,4
1209,4
2240,6
2241,4
2242,1
971,2
1732,0
2632,5
210,2
803,4
216,2
1241,1
1754,5
1244,1
224,2
225,2
2275,3
2278,3
2284,0
1264,4
2289,1
1778,3
1662,5
758,0
247,2
248,2
1786,4
1787,3
1791,3
1285,4
777,6
1804,4
2323,5
1309,5
1827,1
2243,1
1832,1
1322,1
818,3
1331,4
309,6
313,6
1339,0
1860,0
1349,4
328,5
1360,3
851,4
1879,4
345,4
858,2
347,6
915,6
353,4
354,4
871,1
1906,2
1427,3
885,4
1398,3
889,6
1922,6
780,1
1928,0
909,0
2451,1
406,4
1348,2
1861,4
420,0
425,0
1451,6
1452,2
2481,3
947,2
1973,5
438,0
1183,1
1983,5
2497,5
963,2
458,6
459,6
1485,5
2001,1
978,2
1496,0
1497,5
2522,3
987,2
2012,3
2017,1
998,6
1521,6
500,6
2549,5
1528,6
