1536,4
1025,0
2053,3
519,5
1561,5
30,2
2081,3
35,5
560,1
3122,3
2613,4
2102,5
2617,2
1082,5
1600,0
65,3
71,3
1609,0
2634,2
2637,4
3152,1
2129,4
82,1
598,1
1113,0
1626,1
2746,3
2666,0
109,4
2670,2
1648,1
2674,4
2164,5
2677,0
630,2
2169,5
1146,1
125,5
2837,0
2694,3
2698,3
2191,0
656,1
2194,4
1172,3
676,3
1191,4
1192,4
1196,0
74,3
2229,1
2234,5
1211,3
1733,1
2246,2
3276,5
1236,2
2262,4
633,3
3289,0
2268,2
2271,0
1761,2
1764,5
1772,3
1774,2
239,2
2803,4
2806,4
3325,1
766,1
2303,5
2825,5
1813,4
2848,4
801,0
2339,0
2348,3
304,1
2355,0
1855,5
2899,4
852,4
855,3
1881,0
2395,2
144,3
357,1
2415,0
376,5
890,0
379,2
1918,1
900,2
1927,5
1416,2
401,2
1436,1
2990,5
2995,0
2485,5
1981,1
449,0
971,4
1999,0
981,3
1494,2
1343,4
2520,4
2529,3
167,1
3053,2
2542,4
2301,3
2032,5
1521,1
2547,5
3064,1
507,2
3068,2
