1024,4
1027,4
517,6
1544,3
2058,3
14,5
1558,6
1049,3
2586,0
2590,3
1055,3
33,5
2083,4
548,1
2599,3
1067,3
48,5
1074,3
565,4
1597,3
2622,3
1602,0
580,0
593,0
356,1
2141,2
2659,0
958,2
616,0
106,5
1643,0
1644,1
1140,1
1141,1
1142,1
2682,4
2684,4
2685,4
641,6
1668,2
534,1
2184,0
1673,2
142,5
1680,4
2073,6
153,5
160,5
675,4
677,1
166,5
1193,4
690,0
1204,4
696,6
543,1
2238,0
117,5
1483,2
2249,4
1226,0
1743,3
1744,6
1233,0
722,2
1371,6
1245,1
2274,5
1251,1
1264,4
246,2
1795,3
982,2
2310,6
266,0
2315,0
2316,4
2318,5
1807,5
2321,4
350,6
2333,2
2337,6
808,1
1840,3
2696,1
2364,0
1862,4
1869,1
848,4
43,5
347,6
1373,1
1886,0
2404,1
2405,1
2408,4
1901,6
1902,2
1392,6
1401,3
1914,3
380,2
902,3
1927,3
2440,5
1004,6
66,6
407,0
2458,1
1952,5
1956,4
936,2
937,2
940,2
1970,6
953,2
956,5
1982,0
961,2
964,2
1782,0
1992,5
1993,5
2507,6
1491,4
980,2
2006,3
2009,3
986,2
477,3
486,6
2537,5
492,6
1960,6
169,5
2041,0
2043,2
1022,1
1023,1
