2058,3
1037,4
526,4
528,1
1558,6
2592,3
1572,6
774,0
860,2
2091,0
1068,0
2613,3
2103,5
2110,4
2624,3
1093,2
70,5
2130,0
2574,3
1625,4
2141,2
1118,4
1119,4
2659,0
614,0
2151,6
2664,1
623,0
112,5
1140,1
636,6
2175,6
1154,1
1156,6
1670,2
2697,1
1675,4
1165,5
1680,4
1170,2
659,3
1175,5
668,3
453,6
1184,1
1187,3
1190,0
2221,0
688,6
183,2
697,6
2080,1
197,2
198,2
204,2
2258,0
1748,0
2510,3
216,2
2265,2
1242,0
219,2
733,2
225,2
1286,4
1915,3
745,3
2245,3
2289,1
1780,5
1271,4
2260,5
765,6
1793,4
2310,6
1289,4
2314,6
272,0
1310,5
731,0
1828,1
1324,2
2349,1
221,2
965,2
1344,1
2375,3
2376,3
336,1
852,1
2396,0
866,1
868,1
870,1
360,6
362,4
365,1
2419,6
1396,6
890,4
891,6
1405,3
1419,0
2445,5
2447,5
1431,3
1435,3
924,4
2629,3
1952,5
1947,5
1446,2
1963,5
1964,5
942,2
1352,5
1459,3
437,0
2489,0
1470,3
2496,0
2501,5
2505,1
1486,5
1999,0
464,5
2005,4
993,4
2018,1
2019,4
2023,4
1515,6
44,5
1520,6
497,1
1525,4
1526,6
504,6
1018,2
2555,5
