516,3
2062,0
530,1
1049,3
2075,0
541,1
542,1
2591,3
544,1
1627,0
36,5
38,5
551,4
553,4
2099,6
2612,3
1589,3
60,5
62,5
2624,3
2114,0
1605,0
2633,5
586,0
695,6
952,2
1108,0
85,5
2136,5
2651,0
2151,6
2664,1
1132,1
112,5
1139,1
633,6
1669,2
2184,0
1170,2
2195,5
2202,0
1179,4
157,5
965,2
1696,3
2211,3
1700,0
1703,0
689,1
180,2
1225,4
543,1
188,3
703,6
193,2
707,6
1313,5
713,4
1231,0
1745,4
722,2
726,0
2268,5
1248,1
1249,4
1764,0
2277,3
234,6
1269,4
760,4
249,2
2302,0
767,1
260,2
1801,3
1807,5
789,4
801,0
1826,1
2343,3
1836,3
2349,1
1075,1
2356,2
312,6
2100,6
828,0
320,6
1350,4
994,4
2382,2
2384,3
1364,3
853,6
1324,2
347,6
862,2
871,1
360,6
1386,4
1086,1
881,4
885,4
377,0
1856,5
1922,6
1923,6
1837,3
2442,3
397,2
1424,3
1427,3
1942,5
2461,4
1438,2
937,2
1452,2
941,2
431,0
951,6
1976,5
2490,3
1980,5
450,6
453,6
1990,5
2505,1
1485,5
1998,1
980,2
2017,1
482,6
2019,4
996,4
2024,4
1515,6
2028,5
2031,4
497,1
1016,2
