1028,1
517,6
1031,6
1545,3
999,6
23,5
538,1
539,1
1052,3
543,1
1578,3
571,4
60,5
2621,3
66,6
2631,3
72,5
1292,0
590,3
83,4
2141,2
1632,4
97,5
1127,1
105,5
2673,0
1654,4
1143,1
634,6
2684,4
637,6
1153,4
642,6
2179,6
1158,3
2186,4
2700,0
1677,2
857,0
143,5
2200,0
153,5
2202,0
674,1
2213,3
1649,2
28,5
1714,0
2230,2
1029,1
189,2
1214,6
800,2
708,4
2245,3
461,6
1747,0
726,0
217,3
1754,5
1755,5
221,2
222,2
1247,1
226,2
1251,1
1259,4
749,0
240,3
808,1
2300,1
766,0
2005,4
1283,4
1797,3
775,4
780,1
2324,5
333,1
1816,3
796,6
288,0
2438,5
1832,1
1837,3
1327,2
1847,0
1340,0
1344,1
2374,5
2377,3
1354,5
1250,4
336,1
338,0
345,4
349,0
2262,1
360,6
2535,5
2414,6
881,4
2419,6
2421,5
1404,3
893,6
1406,3
1429,3
390,0
903,4
1516,6
914,0
405,0
919,4
415,2
1441,2
1955,5
2470,6
938,2
1963,5
1965,4
943,2
1978,5
959,2
963,2
2453,5
971,2
972,2
973,2
1869,1
1489,4
2517,3
1496,0
2522,3
989,2
2023,4
1004,6
500,6
504,6
767,1
