1026,4
1027,4
2052,1
1031,6
940,2
522,4
1036,0
17,4
539,1
541,1
773,3
550,1
1069,0
2096,3
2609,3
2610,3
567,4
948,2
58,5
60,5
1085,1
1088,1
1089,4
2115,4
1093,2
584,0
84,2
1110,0
1626,6
1628,0
605,0
1633,4
1127,1
1132,1
2669,3
1143,1
2168,5
1983,5
2172,3
2173,3
2688,0
643,6
644,6
2182,0
1217,6
2697,1
139,5
1986,1
1172,5
2414,6
1180,4
157,5
965,2
2208,6
2209,6
1051,3
1194,4
371,1
705,4
2244,4
710,3
199,2
1484,2
717,0
1144,1
210,2
212,2
2271,4
225,2
2278,3
1660,2
637,6
1778,3
1272,4
1274,4
763,6
2309,4
774,0
777,6
780,1
1301,0
792,4
285,0
2335,5
2337,6
2346,0
814,0
2356,2
319,6
1345,1
836,0
325,5
2375,3
328,5
55,2
1872,3
2388,0
1081,1
346,4
2406,1
871,1
1900,6
1902,2
883,4
372,1
897,6
2442,3
2444,3
915,6
416,0
1954,5
2467,0
1447,5
427,2
1964,5
72,5
1971,5
1460,3
437,0
1462,3
959,2
1184,1
450,6
2500,5
1989,0
968,2
458,6
972,2
1442,3
2510,3
1487,5
2002,6
982,2
989,2
2533,5
1516,6
1008,4
2035,3
2552,5
1876,5
