513,4
1027,4
2052,1
1878,3
519,4
8,5
2061,6
1047,3
2589,3
2078,2
1029,1
1571,4
1060,0
1066,0
1543,3
557,4
265,0
2105,5
2619,3
574,4
1089,4
1090,4
69,5
1606,0
88,5
2649,6
2651,0
1121,1
1133,1
2158,6
626,0
117,5
1142,1
120,5
1145,1
635,6
1665,2
1154,1
645,6
652,6
1677,2
656,3
146,5
1172,5
1690,0
669,3
671,3
675,4
1196,4
2077,2
179,2
698,6
701,6
1730,3
1747,0
1748,0
1237,6
2266,0
1243,0
1244,1
1246,1
1761,0
1250,4
228,2
1766,0
1265,4
247,2
1031,6
260,2
1287,4
2313,0
1809,5
2324,5
790,4
287,3
1313,5
1827,1
299,0
1325,2
1326,2
1327,2
1842,3
1858,0
325,5
225,2
1801,3
2018,1
1870,1
1365,3
1366,3
865,1
489,6
401,0
1896,4
375,1
1401,3
897,6
65,5
2449,6
2458,1
924,4
2461,4
1093,2
1442,3
933,2
423,0
2472,6
1966,1
2482,4
2485,0
953,2
1466,3
449,6
965,2
454,1
2503,5
1992,5
1993,5
972,2
1997,1
1998,1
2512,3
2517,3
988,2
989,2
990,4
993,4
482,6
488,6
2537,5
2026,0
1516,6
1007,6
2544,5
936,2
1522,6
2035,3
2548,5
2553,5
1022,1
