1024,4
1536,4
4,5
2566,0
519,4
87,5
770,0
1047,3
25,5
540,1
2596,3
1030,5
2602,3
565,4
567,4
2104,5
1598,2
575,4
64,5
2633,5
1102,2
2061,6
2640,0
1105,2
1111,0
614,0
2153,5
618,0
2155,0
2157,5
1647,0
2162,3
617,0
55,2
638,6
1152,1
1472,3
2181,0
646,6
136,5
1162,6
1987,1
1687,6
154,5
2208,6
676,1
683,1
174,2
182,2
184,2
186,2
1213,6
1215,6
707,6
1735,0
2615,3
202,2
1739,4
2564,1
211,2
1238,6
1246,1
1247,1
226,2
2277,3
1256,4
237,6
238,3
751,2
2290,1
1267,4
245,2
1783,0
762,6
1794,4
1285,4
641,6
2314,6
1295,0
1301,0
792,4
2379,1
810,4
78,5
1838,3
817,3
2355,0
2357,5
826,3
1851,0
821,3
1345,1
1346,2
1347,2
1349,4
1352,5
843,3
334,1
56,5
1880,0
1375,6
2262,1
869,1
870,1
2408,4
881,4
370,4
375,1
1402,3
892,6
1940,5
1431,3
1949,5
415,2
1952,5
1967,1
243,3
1462,3
1609,4
952,2
2492,1
2496,0
1475,3
2550,5
1997,1
975,4
980,2
846,4
982,2
2520,3
473,1
474,0
2011,3
988,2
480,6
483,6
1002,6
500,6
2038,0
119,5
