2053,1
2056,3
2057,3
19,5
1563,4
2078,2
2593,3
546,1
550,1
2095,3
1076,1
2116,2
2629,3
2630,3
2632,5
2126,3
1103,2
2132,0
88,5
95,5
97,5
1638,0
1127,1
1132,1
2322,6
1650,2
1142,1
2682,4
2174,5
643,6
1133,1
707,6
2414,6
793,1
153,5
1180,4
158,6
1183,1
1696,3
163,5
164,5
167,5
1991,5
2221,0
1198,0
1054,3
1206,4
189,2
191,2
1216,6
1729,4
1731,0
2247,0
1736,5
1738,4
2251,0
2255,6
1439,3
213,2
2262,1
1239,4
732,0
223,2
1761,0
2274,5
227,2
740,6
230,2
1769,5
2207,6
2286,0
1267,4
1788,3
1278,4
1792,3
1281,4
2315,0
780,1
2319,0
1810,5
787,4
985,2
1817,3
1306,4
1827,1
1830,1
810,4
1324,2
1325,2
1326,2
2013,3
306,0
2355,0
1333,2
314,6
1852,6
318,6
1856,5
322,6
1350,4
849,3
1874,0
1363,3
2398,1
362,4
876,4
365,1
878,4
879,3
372,1
886,4
745,3
893,6
2263,1
897,6
1416,4
919,4
397,2
2029,2
916,6
2455,0
927,0
931,0
2470,6
940,2
1967,1
1695,3
444,0
2495,5
1985,1
2503,5
461,6
979,2
1497,5
989,2
478,3
1517,6
1519,6
1227,0
2556,5
