1536,4
1,5
2052,1
2565,0
1547,5
173,2
2064,3
1043,3
2585,0
1562,6
539,1
2595,3
37,5
1577,3
44,5
557,4
2096,3
568,4
569,4
2107,0
574,4
588,0
1624,3
1552,5
622,0
111,5
1650,2
628,0
633,6
122,5
2171,3
2172,3
2174,5
127,5
959,2
1159,1
139,5
1166,5
2192,2
1471,3
2198,0
1175,5
153,5
674,1
163,5
1983,5
1193,4
170,2
685,6
1711,0
1211,6
705,4
706,6
1220,6
205,2
719,0
1233,0
211,2
212,2
213,2
2262,1
1239,4
2264,1
1753,0
2268,5
223,2
2683,4
229,2
742,0
209,2
745,3
1263,4
1235,0
760,4
2037,6
769,1
2308,0
2314,6
2263,1
782,6
783,4
216,2
1811,5
2330,3
1824,1
1828,1
1831,1
816,3
309,6
314,6
1851,0
2368,0
1345,1
322,6
909,0
335,1
1366,3
1371,6
1372,6
865,1
1893,4
1387,4
2416,0
1396,6
2425,1
2430,0
2438,5
397,2
1935,3
1440,2
1956,4
1958,6
497,1
1964,5
1967,1
432,0
1462,3
1464,3
2494,4
2495,5
1473,4
962,2
1995,6
2003,1
469,3
982,2
2520,3
986,2
2383,3
988,2
1701,4
2017,1
2018,1
995,4
1508,6
1009,6
1525,4
503,6
1017,2
511,3
