1030,2
2567,3
3081,2
2570,5
173,2
1553,1
21,3
2584,5
538,1
3099,4
2079,3
3108,1
2599,4
1578,4
7,0
559,3
50,1
1587,0
1545,2
1716,2
3136,4
2625,1
70,0
2631,0
2637,4
595,1
598,1
3163,0
610,2
444,2
1131,3
2166,0
2172,4
1661,0
130,2
134,2
1160,3
141,2
147,2
3222,3
3098,1
3233,4
677,2
1193,4
2219,1
2733,1
3246,2
3248,3
2737,5
179,3
3252,5
2229,1
2236,2
701,1
3266,4
1219,5
1221,2
2252,4
1742,4
1748,5
1230,2
1240,0
729,1
224,2
737,5
3298,3
232,5
233,5
3308,5
756,4
2806,4
765,1
265,1
778,2
787,4
793,0
1819,1
797,1
2334,5
2341,0
2343,0
2345,0
821,4
2878,5
1855,5
1344,0
833,3
2602,3
1349,0
1886,0
869,3
1387,1
882,1
2419,4
2366,5
891,4
1409,5
1412,3
1857,5
64,3
1931,0
1428,3
2966,3
1441,0
321,1
1693,4
1458,5
1975,5
1468,4
1469,4
3006,5
2495,0
2502,0
2209,3
3026,0
467,2
981,3
2519,3
482,2
3066,5
