3077,0
2570,5
1044,0
2074,2
1053,1
2078,5
2085,4
1066,5
2102,5
1599,0
583,4
2639,4
1104,0
1895,5
2133,3
1626,1
92,1
1631,1
1123,1
2663,2
1642,1
1643,1
2162,0
116,0
1660,0
2173,2
3202,3
2183,4
2696,3
139,3
141,2
142,3
2191,0
2709,3
2710,1
152,2
158,2
2207,3
676,3
3242,3
684,1
689,4
1220,1
3276,5
205,2
723,5
2260,2
1753,1
3293,0
37,5
224,2
748,4
3309,3
2800,0
754,4
2803,4
2804,4
248,1
2772,2
383,1
2300,3
3326,4
2303,5
1282,5
1798,1
1324,0
268,1
1299,2
280,4
1822,2
2850,5
1831,4
808,3
2857,3
2860,5
301,1
1850,4
2365,3
835,0
327,1
2894,4
1368,2
1886,0
912,2
866,5
1937,5
1392,4
2930,5
1911,0
1407,4
2945,0
1922,3
1411,3
1413,3
2953,3
2960,1
2712,5
2962,4
2973,0
422,0
935,5
839,5
2995,0
1465,4
448,4
961,1
965,0
3015,2
1870,3
2009,2
1498,4
480,5
2128,2
996,0
3048,3
3054,2
2546,5
2555,2
2045,2
2559,1
