2,0
2052,4
524,4
3086,5
2063,4
17,1
1044,0
89,0
1028,2
3099,4
2078,5
547,3
2088,5
1065,2
2090,5
45,2
2653,0
574,4
3140,3
72,3
593,0
1620,1
3161,4
2139,1
2140,1
2141,1
95,3
3169,5
611,2
100,2
102,5
2153,4
1130,3
2673,2
1138,5
117,4
2682,3
636,3
3200,0
1165,2
142,3
3217,4
2585,5
3012,5
2203,3
2205,3
3233,4
3236,4
1189,1
683,1
2733,1
179,3
1719,5
3269,2
2249,4
3274,3
205,2
736,5
1763,1
1268,1
2089,5
1014,5
773,4
779,3
784,2
2836,5
1312,1
291,1
2340,0
2342,0
2855,2
808,3
1323,0
812,3
1837,0
1343,4
842,3
1363,2
852,4
2903,5
856,5
861,5
1891,0
868,4
357,1
1169,5
2411,2
2622,4
886,2
2939,0
1917,0
2943,0
2434,4
2948,0
1430,1
2445,1
2958,3
406,5
2457,2
920,0
2969,1
1946,3
412,1
2469,2
940,5
1463,4
962,1
452,0
453,0
3015,2
471,2
2009,2
2213,0
3043,4
1039,1
2028,2
1011,3
2966,3
504,1
1017,0
