1539,5
2566,5
519,5
344,1
515,2
2580,4
1568,0
2083,3
1061,4
3114,2
1583,2
1072,2
1592,0
2399,0
1086,0
3144,4
2643,0
1630,1
95,3
2321,4
1128,3
3180,0
2670,2
1652,1
124,5
1662,3
644,2
2185,5
1165,2
1690,0
156,1
164,1
2726,0
2739,5
1204,1
1205,1
1720,3
116,0
710,0
2248,4
1741,4
209,3
2259,2
3285,2
3286,1
729,1
1242,3
737,5
1764,5
232,5
2296,0
2813,3
767,0
2818,5
1526,3
2316,1
269,1
785,2
1810,1
278,2
1816,4
284,1
813,5
302,1
1327,0
1333,1
310,5
2873,4
2365,3
833,3
324,1
329,2
1867,2
846,4
1677,3
2388,4
2392,4
2910,4
351,5
866,5
1379,3
869,3
1387,1
1392,4
1393,4
1939,0
3134,2
2935,0
2434,4
2435,4
1857,5
393,5
906,5
907,5
2958,3
2960,1
1937,5
2963,4
1428,3
2453,4
836,0
2466,0
427,0
435,4
2996,0
1976,1
2501,5
3017,2
1994,2
981,3
985,2
3034,3
3044,4
2023,2
3048,3
497,2
2038,2
1527,3
506,1
1022,0
