2560,2
513,2
1541,5
2049,5
2057,4
1795,2
2734,5
1047,1
3100,1
2084,2
1069,2
561,1
3123,5
2612,4
1590,3
2615,4
1599,0
1600,0
584,1
1609,0
2638,4
1106,3
2646,4
2653,0
3171,0
3173,5
2150,3
1640,1
621,5
1137,5
1139,2
1653,2
1656,1
1666,2
2181,5
2694,3
2183,4
3181,3
3216,0
3222,3
672,5
676,3
113,4
3242,3
3243,2
684,1
1198,1
2228,0
2742,0
696,1
2240,4
3273,3
212,5
2261,4
2774,3
2266,2
2268,2
1246,5
2277,4
746,5
2292,4
2297,0
2300,3
254,2
1283,5
2825,5
2829,4
1301,5
1308,1
2848,4
1831,4
2860,5
1328,0
818,1
308,0
2953,3
828,5
319,2
2880,1
1859,1
1349,0
1870,3
848,4
1378,3
875,2
1393,4
373,1
379,2
381,5
895,3
576,4
387,5
905,2
3048,3
1431,1
1944,0
1954,2
2476,4
1965,4
72,3
434,0
1523,1
437,1
1463,4
1464,5
1978,2
1982,0
1989,1
966,1
969,0
2511,3
2001,0
984,3
1504,0
488,0
2026,2
954,3
3059,1
2038,2
1018,0
