5,0
518,2
1547,1
1047,1
1562,5
2079,3
1456,4
2606,5
564,2
2621,2
1599,0
3140,3
2121,4
1610,0
1105,2
83,1
1621,1
604,2
1631,1
97,2
100,2
616,0
1129,3
108,4
3189,2
1657,1
636,3
1666,2
1158,0
3209,0
139,3
1680,2
1171,3
3221,1
1179,1
163,5
679,5
680,5
3242,3
1197,3
1310,3
696,1
2233,4
700,1
629,1
2753,4
1741,4
1234,2
1238,2
217,1
1242,3
2786,0
232,5
2283,1
2770,0
754,4
2804,4
248,1
1289,5
2826,5
1154,2
1806,0
2321,4
1309,1
2846,4
2182,3
808,3
2860,5
2354,0
2359,5
2360,4
1347,4
2884,5
1352,4
2891,4
2892,5
3298,3
1870,3
1885,0
869,3
1896,5
1392,4
2423,0
378,0
381,5
2709,3
1408,0
747,5
2949,0
1419,4
911,2
1949,3
2974,0
496,2
935,5
428,0
2989,5
432,1
949,3
1974,5
3000,5
1465,4
1473,2
2504,5
464,0
2514,1
2007,2
1496,2
985,2
989,3
2529,3
2019,4
1511,1
1520,1
1619,1
500,2
2039,0
509,4
2558,0
511,4
