521,4
523,4
2065,3
1044,3
1284,4
1565,0
30,5
1571,4
2598,3
1069,0
1074,3
1587,4
53,5
1590,4
59,5
61,0
1598,2
1089,4
1093,2
1096,4
2634,5
1612,3
593,0
84,2
1113,0
2140,2
96,5
2145,5
100,5
2151,6
2153,5
1649,2
129,5
1666,2
2179,6
132,5
1302,4
135,5
137,5
1164,5
658,3
1221,6
675,4
676,1
166,5
683,1
174,2
687,1
1200,4
178,2
2120,6
186,2
1218,6
203,2
197,2
1227,0
207,2
209,2
722,2
2269,5
2272,0
1253,1
1254,6
1832,1
1779,3
2292,0
248,2
761,4
1787,3
1792,3
1793,4
2308,0
1289,4
1292,0
557,4
1813,5
1814,5
1306,4
1822,0
1157,3
1825,1
1318,6
808,1
297,0
1323,1
1836,3
303,0
1075,1
2356,2
312,6
313,6
1854,4
1077,1
833,3
2380,4
334,1
335,1
855,2
2404,1
2406,1
2407,1
1896,4
364,1
368,1
488,6
1394,6
1396,6
2622,3
1404,3
1923,6
1935,3
915,6
917,6
409,0
2458,1
2460,3
1954,5
931,0
1444,0
433,0
1975,0
960,2
456,6
1868,0
978,2
2006,3
1785,2
1498,0
2011,3
2012,3
479,6
992,3
995,4
2535,5
1000,6
492,6
1005,6
2542,5
495,1
497,1
