1537,4
3079,2
14,5
2580,4
2582,1
1049,1
1564,2
1058,3
2089,5
3122,3
1588,1
1590,3
1592,0
1594,0
571,5
3137,2
3140,3
1206,1
1607,4
3144,4
1610,0
76,3
2650,0
606,5
3167,4
610,2
103,5
1134,3
3192,2
1149,3
3204,3
2183,4
670,5
2208,3
2215,3
1704,0
2220,0
1711,2
1200,1
693,3
182,4
1209,1
3261,0
1216,3
2848,4
2754,4
2243,1
2756,5
1736,3
1225,0
1656,1
1754,1
219,2
2785,0
228,5
742,2
1256,4
2283,1
3308,5
3317,2
246,2
2299,0
2304,5
769,0
771,3
2825,5
1290,5
2827,4
269,1
785,2
2840,0
793,0
1307,0
1824,5
2850,5
2854,2
1076,5
828,5
2370,4
2374,1
1864,1
2377,1
2890,4
844,1
1359,1
2898,0
1363,2
2389,4
1384,3
873,1
877,5
1392,4
1393,4
2930,5
1923,2
1935,5
2449,3
1939,0
2457,2
1437,4
418,2
2469,2
938,1
2476,4
2993,3
2206,3
950,5
956,1
448,4
3232,4
1475,0
452,0
1495,2
3034,3
2011,2
989,3
1505,0
1874,2
3060,1
1022,0
