2564,1
13,5
14,5
534,1
1559,4
2072,6
1049,3
1563,4
541,1
542,1
2080,1
547,4
2598,3
551,4
47,5
2615,3
1592,0
1081,1
1594,0
1083,4
2108,4
1088,1
2116,2
2632,5
2636,0
1102,2
2130,0
2574,3
91,5
2140,2
2654,0
2150,6
1129,1
1643,0
1811,5
1653,4
634,6
1147,1
2172,3
125,5
1155,4
1156,6
1160,6
1673,2
2071,6
1172,5
663,3
1180,4
1697,3
1698,0
165,5
2332,0
177,2
1993,5
187,2
189,2
191,2
1216,6
2242,1
199,2
204,2
2339,3
1750,0
727,0
1243,0
2269,5
2271,4
1248,1
2275,3
740,6
229,2
1766,0
236,6
211,2
1794,4
2651,0
1806,5
1808,5
787,4
788,4
1302,4
1815,3
1820,3
1313,5
1827,1
1830,1
1333,2
825,0
316,6
326,5
1863,5
1362,3
862,2
1424,3
230,2
2407,1
872,1
2413,5
2414,6
367,0
883,4
2420,0
1308,2
889,6
1939,5
1405,3
383,0
1920,5
898,3
389,2
2445,5
1423,3
912,0
915,6
923,4
1438,2
1966,1
1970,6
2487,0
1465,3
960,2
1473,4
1480,6
1481,2
2001,1
2007,3
2013,3
2526,4
991,4
484,6
2024,4
1001,6
1003,6
594,0
494,1
1007,6
2032,3
500,6
1022,1
1023,1
