514,2
2564,1
521,0
1034,0
12,1
1038,1
2076,3
1053,1
1058,3
1578,4
2603,0
2605,4
349,2
48,2
1590,3
2313,0
608,0
3139,4
582,2
2119,3
1036,0
2644,0
1129,3
612,0
2656,0
1121,5
2148,4
2153,4
1130,3
1133,3
2158,0
112,0
2674,4
115,0
2679,3
2182,3
705,3
1168,1
2197,3
1175,1
2209,3
3236,4
2214,2
540,2
178,2
1651,1
3255,3
191,2
2359,5
1223,0
3273,3
2252,4
2253,4
2769,3
212,5
2779,4
3292,0
1249,1
741,1
1254,3
1767,2
3308,5
239,2
241,2
2804,4
245,2
1274,5
1801,1
2826,5
788,3
1301,5
2328,2
1312,1
291,1
1831,4
3036,5
2871,4
2362,4
3081,2
2890,4
3127,5
2896,0
341,5
345,1
1371,5
314,5
2911,1
2912,5
2917,4
1897,3
2412,2
1052,5
883,2
884,0
1912,0
2938,0
1939,0
2941,0
1918,1
1925,5
1772,3
1932,5
2963,4
2971,5
1948,4
1443,1
1963,1
446,4
962,1
2499,5
1476,2
1990,3
3028,2
2012,1
1000,2
1514,1
2546,5
1014,5
1193,4
1535,2
