2560,0
1028,1
2054,1
2568,0
9,5
2059,3
1548,5
13,5
529,1
531,1
20,5
2069,3
2583,0
1048,3
2076,0
2077,2
1054,3
2079,1
545,1
35,5
1573,6
551,4
2602,3
2605,3
1075,1
1590,4
1085,1
67,2
584,0
590,3
1634,4
2665,0
620,0
121,5
122,5
124,5
1665,2
645,6
1985,1
649,6
650,6
652,6
1680,4
536,1
2198,0
1175,5
670,3
1186,3
167,5
2223,0
1200,4
1201,4
178,2
692,6
703,6
704,6
1218,6
1736,5
201,2
206,2
2257,5
724,0
1239,4
1244,1
1246,1
2273,4
229,2
748,0
1261,4
1776,3
242,3
1785,2
1787,3
769,1
260,2
262,2
263,2
1801,3
1290,4
1300,0
2327,0
1831,1
304,0
305,0
1587,4
1856,5
1920,5
323,6
1861,4
1863,5
1352,5
334,1
1359,3
858,2
400,0
867,1
874,4
1900,6
368,1
1394,6
371,1
2431,4
896,6
901,3
1416,4
1424,3
2450,3
2456,0
1449,2
942,2
1970,6
438,0
447,6
961,2
966,2
1992,5
1995,6
976,2
2003,1
985,2
986,2
1871,3
990,4
991,4
2529,5
2019,4
1508,6
1510,6
2023,4
2030,0
496,1
1524,6
1525,4
2550,5
1529,6
2043,2
1532,0
2557,5
510,3
511,3
