512,3
1537,4
683,1
854,2
1546,4
1549,5
1561,6
1566,0
1029,1
545,1
34,5
1574,3
1577,3
45,5
2606,0
2610,3
1075,1
565,4
1204,4
58,5
1086,1
2112,0
525,6
1878,3
2136,5
91,5
1119,4
1123,1
102,5
103,5
104,0
1641,0
615,0
2670,3
2163,0
1653,4
118,5
2168,5
277,0
1154,1
1671,2
136,5
649,6
655,3
1680,4
1681,4
1682,5
659,3
661,3
2203,3
668,3
168,5
1707,0
172,2
1197,6
1199,6
180,2
2229,4
1206,4
695,6
696,6
704,6
706,6
715,0
1235,0
2265,2
219,2
225,2
229,2
237,6
1262,4
240,3
1777,3
1787,3
1284,4
261,2
1813,5
793,1
1309,5
1317,5
2343,3
1832,1
1330,2
1673,2
1589,3
1348,2
1349,4
2379,1
2380,4
342,4
1081,1
1370,6
862,2
1889,1
866,1
867,1
1893,4
1895,4
364,1
365,1
884,4
378,0
379,0
893,6
1408,0
901,3
2444,3
915,6
1940,5
2459,3
1436,3
928,0
419,0
2468,5
1957,6
1958,6
2471,6
1966,1
1967,1
945,2
2333,2
953,2
954,2
13,5
1987,1
1481,2
974,2
2513,0
978,2
2518,0
1496,0
473,1
2530,5
995,4
2532,0
2022,4
1514,6
1003,6
498,6
1528,6
