515,4
516,3
2058,3
1548,5
13,5
1552,5
529,1
530,1
1043,3
1540,3
1050,3
539,1
1052,3
2077,2
751,2
544,1
44,5
559,4
1075,1
1076,1
59,5
1084,1
65,5
582,0
74,5
1105,2
1621,5
528,1
2147,5
1042,3
112,5
2168,5
2685,4
1662,5
1154,1
2179,6
132,5
2694,0
2189,6
665,3
1178,4
155,5
1180,4
1648,0
162,2
676,1
1706,0
685,6
698,6
1213,6
191,2
1216,6
193,2
1219,6
374,1
1734,0
1735,0
2249,4
1739,4
1228,0
973,2
1746,4
1235,0
213,2
2262,1
1245,1
2271,4
228,2
1768,0
1772,0
1262,4
239,3
1269,4
2298,0
2299,1
253,2
254,4
263,2
1293,0
784,4
2321,4
1302,4
793,1
798,4
2341,3
809,6
818,3
306,0
1333,2
223,2
1852,6
1345,1
1862,4
396,0
1872,3
2386,6
1363,3
1375,6
998,6
2406,1
1901,6
1391,5
370,4
1666,2
1400,3
1403,3
1405,3
1409,0
2438,5
908,0
1424,3
1942,5
2458,1
1775,6
415,2
2466,0
1443,3
932,2
423,0
1450,2
1966,1
943,2
2486,0
447,6
451,6
2504,3
459,6
2044,5
646,6
982,2
473,1
2013,3
2526,4
2531,5
2534,5
1001,6
1518,6
204,2
1525,4
1532,0
