1025,0
2050,4
3,4
2570,5
685,2
771,3
533,1
535,1
3101,1
30,2
1058,3
1576,3
44,1
48,2
564,2
2616,2
351,5
2110,0
2639,4
2643,0
601,4
99,2
2151,0
259,1
618,0
620,5
625,5
630,2
1149,3
2176,5
2699,1
1170,2
1171,3
2709,3
2205,3
3233,4
2727,0
3242,3
1707,1
1709,1
1711,2
695,5
2236,2
190,2
1730,3
3267,4
1732,1
709,0
3273,3
1740,4
1229,2
2774,3
729,1
2266,2
222,5
2785,0
738,5
2275,3
743,2
1771,2
2284,1
242,0
2304,5
1283,5
1798,1
1296,5
1810,1
1812,4
2838,0
2841,0
1310,3
1312,1
2339,0
2862,4
818,1
2868,4
1337,4
826,2
2365,3
2366,5
2382,0
336,5
56,3
227,5
2392,4
1885,0
1886,0
2399,0
2400,4
1897,3
2535,3
377,1
890,0
541,4
893,5
2963,4
2966,3
2462,2
2978,3
1444,2
1964,1
2477,2
950,5
3001,5
443,5
452,0
459,4
930,3
469,5
2520,4
475,5
3039,1
2017,4
3044,4
3047,4
2034,1
2387,1
2550,2
2040,0
1017,0
