1028,1
5,5
1030,5
7,5
1546,4
525,6
2067,3
532,1
24,5
1049,3
2587,3
1053,3
32,5
1569,6
34,5
2086,3
2599,3
1068,0
563,4
1594,0
352,4
950,2
1094,0
589,0
2642,5
867,1
85,5
89,5
2656,3
2657,3
613,0
1809,5
1646,0
1137,0
626,0
1141,1
1662,5
647,6
2696,1
1673,2
1169,5
660,0
1687,6
1178,4
669,3
675,4
1708,4
541,1
693,6
1208,4
2052,1
800,2
198,2
202,2
204,2
2256,3
722,2
2259,5
724,0
725,0
1241,1
220,2
1757,0
208,2
226,2
550,1
2513,0
237,6
1774,6
1776,3
2289,1
1778,3
979,2
1786,4
763,6
1276,4
765,6
1800,3
2313,0
1290,4
1297,0
2322,6
333,1
1303,4
1819,3
2336,6
1827,1
1327,2
1853,6
322,6
329,5
2379,1
1869,1
339,4
341,2
856,2
858,2
860,2
1376,1
1379,4
1380,4
365,1
317,6
371,1
1908,5
2426,0
1923,6
2442,3
985,2
1942,5
1943,5
1433,3
923,4
925,4
1441,2
1954,5
2469,3
2470,6
2473,0
1967,1
2547,5
1462,3
2489,0
959,2
2511,0
1489,4
2003,1
1497,5
851,4
990,4
992,3
1507,6
1000,6
1007,6
1011,6
2039,0
1017,2
506,4
1021,1
2047,3
