1029,2
2054,4
2059,4
1549,1
2579,2
3098,1
542,4
2053,3
40,2
2609,4
1074,2
63,2
1600,0
68,1
1610,0
1613,0
2233,4
2652,3
93,4
95,3
3176,1
3182,0
2169,5
634,5
1659,3
3203,0
134,2
1162,3
1677,3
142,3
2191,0
2194,4
2197,3
662,0
2199,5
679,5
687,1
1721,3
698,1
699,1
3265,0
3024,1
3281,5
3195,2
2261,4
1754,1
2272,0
2785,0
739,5
2793,2
2796,2
762,5
2814,3
770,3
1798,1
2825,5
2827,4
1410,3
2320,4
1813,4
1815,4
1304,2
793,0
1822,2
1311,1
2694,3
297,1
1834,4
2951,0
1847,2
2670,2
833,3
1858,1
323,2
2891,4
334,3
2900,4
856,5
1889,5
2921,3
874,5
2412,2
882,1
1402,4
1403,4
893,5
2942,0
897,0
1922,3
1412,3
1430,1
1414,1
2439,5
399,2
2454,5
1438,2
1442,1
932,5
2982,4
1447,4
1975,5
2490,1
3006,5
450,0
1987,2
2501,5
1482,1
972,0
1997,3
2000,0
3032,0
986,2
988,0
2022,5
2535,3
2031,4
1009,5
2034,1
2554,2
2558,0
