1031,3
2057,4
2570,5
1111,5
2062,1
2904,0
21,3
2079,3
1056,3
550,2
2090,5
2095,1
3125,0
566,1
3127,5
1598,2
63,2
1089,1
2630,0
2119,3
2124,1
2129,4
3154,1
599,1
95,3
2660,3
617,0
1139,2
2678,0
637,3
126,5
640,5
133,2
1162,3
142,3
3216,0
145,5
659,4
153,2
3226,0
1179,1
1190,4
3242,3
711,2
1708,1
3246,2
2736,4
1201,1
1208,1
2746,3
1211,3
710,0
1735,5
713,5
2762,2
2252,4
1236,2
1998,4
2775,5
219,2
2278,5
2513,3
232,5
2800,0
244,2
2809,0
1578,4
2302,5
2303,5
2820,3
2831,4
1808,1
282,1
2847,4
2341,0
819,2
2362,4
315,5
1077,1
2371,2
2392,4
1369,3
1376,2
656,1
2406,1
372,1
885,0
2879,4
1919,0
1408,0
831,1
2946,0
391,5
1417,4
2453,4
2967,4
1948,4
2976,2
2466,0
1446,4
1959,0
2992,5
2999,2
442,1
446,4
449,0
3012,5
454,0
1993,2
1720,3
972,0
1997,3
2510,5
1489,2
2004,1
471,2
1002,3
2540,5
1527,3
1528,4
