518,2
2567,3
520,5
524,4
1037,0
2268,2
1051,5
1055,5
1062,1
2601,1
3119,4
1591,5
1593,0
3134,2
579,5
3140,3
2630,0
1612,0
2637,4
590,4
3151,1
84,2
2134,4
2139,1
3164,1
1117,5
95,3
96,0
1724,5
3182,0
2159,1
112,0
3189,2
636,3
1153,2
649,2
3211,5
2702,2
146,3
1134,3
155,5
2720,2
161,2
2211,3
1702,0
1196,0
689,4
1716,2
1717,2
1206,1
185,4
1722,1
2236,2
1213,3
1214,0
2751,4
2753,4
3269,2
3270,1
200,2
460,4
2764,4
723,5
216,1
729,1
3291,0
2780,4
3294,3
225,5
1762,5
233,5
1577,5
2300,3
1790,0
2815,3
1795,2
788,3
789,5
1306,0
1311,1
1824,5
2779,4
297,1
2857,3
2872,4
1163,3
2899,4
1876,0
1879,1
344,1
1378,3
2921,3
1394,4
1396,3
2940,0
385,1
908,5
2961,4
412,1
2464,1
3227,4
1460,3
1464,5
2493,0
2495,0
3009,2
1990,3
3015,2
1482,1
1995,3
1996,0
1486,4
2979,4
473,5
994,0
496,2
1278,5
2034,1
2037,0
2551,2
