1539,1
2052,1
2058,3
1558,6
535,1
1051,3
2590,3
2079,1
2080,1
545,1
2083,4
46,5
1586,1
567,4
2621,3
1599,4
64,5
65,5
2119,6
2120,6
2122,0
2232,5
2643,1
93,5
2152,4
1129,1
1895,4
1139,1
702,6
124,5
2688,0
641,6
2667,0
1161,4
659,3
148,5
156,5
2208,6
677,1
172,2
177,2
1716,3
2229,4
1207,4
1208,4
1214,6
703,6
195,2
198,2
199,2
1737,0
715,0
1740,4
205,2
208,2
209,2
1234,6
2259,5
213,2
2265,2
1754,5
1756,0
2269,5
224,2
1761,0
1251,1
1255,4
2282,3
1271,4
260,2
1288,4
1802,6
780,1
787,4
279,0
1306,4
284,0
1310,5
1824,1
1313,5
1315,5
1414,0
1830,1
815,0
1840,3
818,3
315,6
1342,0
1856,5
993,4
2379,1
1869,1
1871,3
2387,5
854,2
2393,0
2401,0
871,1
875,4
1388,4
2414,6
1905,2
1914,3
1344,1
899,3
390,0
393,0
2442,3
1420,0
985,2
924,4
1438,2
2468,5
497,1
432,0
1465,3
1466,3
1983,5
971,2
460,6
974,2
2512,3
467,3
2009,3
2012,3
989,2
481,6
1506,6
1509,6
486,6
2025,0
1515,6
1004,6
2029,2
2030,0
1521,6
2550,5
2555,5
2540,4
2047,3
