1024,0
515,2
3076,0
2569,5
3084,4
1551,0
1041,0
1556,2
3096,3
2585,5
30,2
2079,3
1570,2
35,5
3108,1
2612,4
3128,3
1594,0
3167,4
2621,2
1092,1
2119,3
2121,4
2640,4
81,0
2132,1
598,1
601,4
1115,0
2652,3
95,3
102,5
1126,1
1131,3
629,1
1148,2
2175,5
3200,0
1670,5
649,2
144,3
2705,1
659,4
2708,4
3225,1
156,1
1694,4
2231,2
1211,3
1212,3
1653,2
2243,1
3269,2
1737,5
2253,4
2256,4
723,5
1237,4
3293,0
222,5
1249,1
2278,5
1767,2
746,5
1319,3
1265,1
1779,2
1788,5
1790,0
1493,2
2818,5
773,4
273,2
2323,5
1813,4
2327,2
1816,4
282,1
284,1
1825,5
1316,1
1831,4
808,3
811,3
304,1
817,0
308,0
2364,1
319,2
2368,4
2892,5
2381,0
335,0
858,2
2396,2
1885,0
2704,4
1379,3
2790,2
2406,1
1172,3
2538,5
2434,4
2461,4
2978,3
3313,5
1450,1
939,5
816,0
1472,0
457,0
1868,3
981,3
2007,2
3048,3
1001,3
490,0
2032,5
503,1
767,0
