1025,6
2051,2
2054,1
1031,6
1032,6
523,4
1038,0
1042,3
1044,3
2581,3
536,1
1564,0
32,5
545,1
2083,4
177,2
2140,2
45,5
49,5
2098,0
2612,3
1077,1
2619,3
1088,1
2113,5
1803,4
68,5
950,2
81,5
83,4
697,6
92,5
2142,2
99,5
1124,0
2406,1
110,5
115,5
1658,6
635,6
2175,6
1669,2
2182,0
137,5
2698,0
533,1
2703,0
2206,3
2213,3
2218,4
683,1
1557,6
2225,4
2226,0
1209,4
2236,3
1728,3
2080,1
708,4
1222,6
204,2
1740,4
1245,1
1247,1
224,2
1250,4
1147,1
178,2
1260,4
242,3
1783,0
1790,0
1800,3
779,4
2605,3
2320,0
1810,5
1300,0
281,0
1306,4
1307,0
2335,5
801,0
1324,2
221,2
1076,1
325,5
839,0
334,1
227,2
1365,3
854,2
2391,0
1368,3
347,6
866,1
1380,4
870,1
2413,5
1902,2
880,4
2024,4
373,4
1913,3
1581,3
1924,3
1420,0
1005,6
2449,6
2450,3
2031,4
933,2
939,5
1011,6
1182,1
1974,0
2492,1
961,2
1988,5
1477,3
1479,3
1480,6
970,2
1484,2
461,6
2511,0
976,2
2523,1
677,1
1505,4
998,6
1000,6
1517,6
2543,5
499,6
2037,6
1017,2
1019,4
2044,5
2559,5
