0,20
1,48
2,10
3,101
4,65
5,3
6,10
7,10
8,10
9,57
10,8
11,8
12,41
13,11
14,10
15,83
16,90
17,37
18,2
19,11
20,10
21,2
22,10
23,53
24,3
25,2
26,8
27,10
28,67
29,8
30,10
31,31
32,73
33,10
34,11
35,37
36,141
37,57
38,83
39,10
40,25
41,73
42,9
43,10
44,8
45,32
46,11
47,2
48,8
49,38
50,10
51,20
52,3
53,102
54,10
55,11
56,14
57,12
58,18
59,8
60,39
61,8
62,47
63,12
64,10
65,104
66,8
67,2
68,13
69,5
70,32
71,10
72,8
73,8
74,9
75,73
76,10
77,23
78,18
79,8
80,8
81,57
82,8
83,10
84,0
85,24
86,60
87,31
88,13
89,37
90,11
91,2
92,7
93,6
94,8
95,11
96,10
97,126
98,12
99,20
100,31
101,67
102,77
103,10
104,36
105,0
106,51
107,31
108,10
109,34
110,10
111,39
112,48
113,10
114,47
115,8
116,20
117,6
118,27
119,15
120,8
121,37
122,41
123,11
124,25
125,32
126,10
127,65
128,15
129,23
130,8
131,39
132,44
133,9
134,40
135,24
136,121
137,9
138,8
139,2
140,22
141,13
142,48
143,18
144,77
145,10
146,48
147,20
148,10
149,13
150,47
151,64
152,6
153,104
154,63
155,36
156,10
157,8
158,95
159,10
160,48
161,32
162,130
163,8
164,27
165,8
166,25
167,18
168,37
169,11
170,13
171,48
172,41
173,37
174,8
175,0
176,124
177,13
178,11
179,8
180,34
181,18
182,10
183,9
184,31
185,23
186,8
187,67
188,63
189,18
190,10
191,20
192,10
193,39
194,65
195,8
196,25
197,13
198,2
199,11
200,38
201,8
202,51
203,94
204,10
205,69
206,12
207,8
208,52
209,8
210,37
211,14
212,60
213,2
214,8
215,8
216,20
217,11
218,20
219,10
220,20
221,8
222,20
223,10
224,47
225,91
226,8
227,32
228,8
229,11
230,24
231,74
232,8
233,10
234,10
235,2
236,8
237,37
238,65
239,0
240,8
241,48
242,25
243,120
244,10
245,94
246,13
247,37
248,51
249,39
250,31
251,85
252,10
253,3
254,14
255,73
256,34
257,8
258,10
259,36
260,27
261,76
262,31
263,8
264,11
265,38
266,23
267,12
268,11
269,32
270,13
271,37
272,10
273,20
274,8
275,13
276,8
277,78
278,25
279,101
280,8
281,10
282,37
283,43
284,10
285,121
286,5
287,5
288,39
289,20
290,10
291,64
292,8
293,64
294,32
295,0
296,8
297,78
298,13
299,11
300,13
301,25
302,65
303,38
304,111
305,79
306,8
307,48
308,8
309,90
310,10
311,8
312,74
313,51
314,46
315,10
316,32
317,25
318,10
319,11
320,13
321,11
322,24
323,13
324,92
325,12
326,37
327,8
328,97
329,31
330,30
331,39
332,10
333,32
334,13
335,8
336,19
337,8
338,8
339,0
340,11
341,8
342,51
343,11
344,32
345,7
346,13
347,85
348,12
349,112
350,8
351,106
352,2
353,112
354,32
355,21
356,0
357,6
358,47
359,2
360,32
361,73
362,69
363,97
364,32
365,2
366,13
367,8
368,7
369,18
370,38
371,10
372,162
373,68
374,8
375,77
376,7
377,76
378,47
379,37
380,39
381,48
382,106
383,94
384,93
385,37
386,106
387,2
388,18
389,0
390,23
391,10
392,12
393,2
394,10
395,11
396,90
397,107
398,10
399,104
400,11
401,8
402,37
403,23
404,8
405,14
406,13
407,94
408,48
409,8
410,12
411,11
412,57
413,60
414,59
415,63
416,23
417,48
418,10
419,8
420,12
421,11
422,35
423,84
424,57
425,38
426,90
427,8
428,97
429,37
430,14
431,43
432,12
433,0
434,11
435,41
436,8
437,8
438,32
439,31
440,2
441,19
442,10
443,8
444,64
445,20
446,41
447,10
448,60
449,25
450,162
451,31
452,39
453,11
454,141
455,5
456,28
457,2
458,38
459,11
460,64
461,10
462,44
463,42
464,7
465,38
466,79
467,10
468,8
469,8
470,11
471,99
472,0
473,36
474,24
475,10
476,8
477,34
478,12
479,8
480,8
481,36
482,38
483,10
484,51
485,12
486,51
487,10
488,31
489,18
490,65
491,83
492,38
493,20
494,9
495,21
496,10
497,37
498,95
499,11
500,8
501,10
502,11
503,64
504,67
505,8
506,20
507,11
508,64
509,20
510,11
511,66
512,8
513,12
514,108
515,48
516,68
517,11
518,6
519,0
520,14
521,12
522,14
523,11
524,12
525,99
526,10
527,11
528,32
529,11
530,42
531,11
532,63
533,10
534,59
535,20
536,66
537,13
538,20
539,31
540,65
541,13
542,23
543,0
544,32
545,77
546,11
547,8
548,9
549,8
550,68
551,120
552,18
553,20
554,24
555,0
556,94
557,26
558,8
559,125
560,8
561,23
562,8
563,2
564,141
565,95
566,8
567,27
568,39
569,10
570,101
571,94
572,11
573,8
574,100
575,68
576,47
577,12
578,8
579,38
580,37
581,13
582,10
583,51
584,109
585,112
586,10
587,10
588,31
589,10
590,25
591,38
592,57
593,37
594,38
595,32
596,8
597,51
598,48
599,48
600,22
601,13
602,37
603,97
604,94
605,72
606,23
607,162
608,96
609,11
610,48
611,8
612,32
613,18
614,11
615,32
616,95
617,25
618,109
619,77
620,39
621,23
622,10
623,51
624,5
625,10
626,65
627,24
628,6
629,8
630,20
631,11
632,10
633,10
634,24
635,9
636,39
637,28
638,39
639,58
640,18
641,10
642,8
643,0
644,11
645,94
646,8
647,48
648,10
649,37
650,10
651,18
652,66
653,118
654,10
655,8
656,20
657,104
658,59
659,77
660,18
661,48
662,8
663,10
664,22
665,8
666,32
667,91
668,11
669,25
670,23
671,23
672,8
673,15
674,23
675,9
676,8
677,77
678,9
679,76
680,13
681,10
682,8
683,2
684,23
685,8
686,57
687,10
688,8
689,59
690,38
691,93
692,8
693,13
694,57
695,11
696,8
697,64
698,64
699,11
700,39
701,37
702,104
703,37
704,11
705,24
706,10
707,10
708,12
709,10
710,74
711,8
712,10
713,10
714,5
715,8
716,10
717,8
718,60
719,39
720,14
721,23
722,20
723,11
724,11
725,185
726,13
727,48
728,20
729,51
730,37
731,11
732,39
733,12
734,13
735,32
736,3
737,57
738,13
739,73
740,39
741,60
742,44
743,37
744,31
745,7
746,5
747,39
748,57
749,39
750,11
751,2
752,13
753,65
754,12
755,56
756,8
757,20
758,8
759,12
760,22
761,41
762,24
763,57
764,31
765,7
766,13
767,8
768,20
769,8
770,8
771,8
772,39
773,37
774,10
775,11
776,2
777,8
778,13
779,38
780,8
781,12
782,163
783,31
784,20
785,60
786,31
787,147
788,10
789,13
790,84
791,10
792,38
793,8
794,11
795,10
796,48
797,84
798,8
799,11
800,10
801,67
802,20
803,8
804,10
805,10
806,10
807,55
808,10
809,10
810,60
811,8
812,106
813,44
814,109
815,8
816,8
817,41
818,112
819,8
820,97
821,73
822,60
823,11
824,107
825,11
826,14
827,32
828,13
829,8
830,60
831,125
832,25
833,60
834,24
835,9
836,42
837,64
838,10
839,8
840,60
841,48
842,12
843,23
844,12
845,24
846,48
847,11
848,57
849,13
850,13
851,38
852,41
853,18
854,0
855,0
856,13
857,8
858,30
859,57
860,18
861,23
862,37
863,39
864,10
865,37
866,18
867,11
868,10
869,38
870,37
871,90
872,12
873,12
874,2
875,9
876,60
877,61
878,13
879,60
880,11
881,5
882,27
883,27
884,12
885,48
886,23
887,13
888,13
889,0
890,10
891,18
892,9
893,38
894,36
895,106
896,34
897,8
898,43
899,35
900,57
901,42
902,90
903,8
904,10
905,67
906,65
907,94
908,34
909,31
910,12
911,38
912,8
913,7
914,11
915,32
916,18
917,24
918,8
919,8
920,10
921,32
922,10
923,13
924,37
925,13
926,20
927,8
928,11
929,11
930,10
931,8
932,10
933,67
934,12
935,37
936,12
937,11
938,12
939,60
940,11
941,39
942,6
943,10
944,11
945,31
946,8
947,6
948,48
949,10
950,8
951,46
952,5
953,10
954,11
955,101
956,22
957,32
958,82
959,31
960,16
961,57
962,57
963,39
964,25
965,39
966,8
967,10
968,107
969,11
970,23
971,0
972,23
973,13
974,60
975,18
976,21
977,6
978,2
979,11
980,8
981,8
982,48
983,39
984,23
985,6
986,2
987,12
988,41
989,8
990,62
991,48
992,10
993,8
994,11
995,13
996,8
997,37
998,53
999,31
1000,10
1001,57
1002,39
1003,20
1004,22
1005,11
1006,21
1007,32
1008,20
1009,118
1010,11
1011,10
1012,0
1013,11
1014,10
1015,10
1016,24
1017,23
1018,21
1019,11
1020,34
1021,13
1022,12
1023,11
1024,30
1025,143
1026,23
1027,48
1028,83
1029,32
1030,55
1031,8
1032,34
1033,48
1034,14
1035,96
1036,11
1037,55
1038,65
1039,124
1040,37
1041,21
1042,39
1043,38
1044,8
1045,10
1046,32
1047,10
1048,71
1049,23
1050,31
1051,20
1052,27
1053,10
