2048,0
1280,4
1538,1
2051,2
528,1
532,1
2581,3
534,1
2071,6
260,2
29,5
2078,2
1450,2
545,1
1061,3
39,5
2601,3
42,5
45,5
1084,1
575,4
66,6
1603,0
2629,3
2124,4
2658,3
2129,0
82,5
1624,3
1892,1
92,5
93,5
1118,4
1121,1
1634,4
1637,4
2662,0
2664,1
1129,1
622,0
111,5
627,0
2494,4
631,0
2580,3
1147,1
2179,6
1672,2
651,6
1678,2
2192,2
1170,2
148,5
2197,0
2207,6
160,5
673,3
685,6
1481,2
1725,3
711,3
1737,0
1237,6
214,3
1244,1
221,2
735,0
1249,4
1559,4
1258,4
235,0
1266,4
246,2
762,6
2299,1
2304,0
896,6
771,4
1796,3
263,2
270,0
2605,3
1297,0
2327,0
1322,1
1331,4
309,6
2380,4
315,6
1852,6
1345,1
1863,5
332,5
1874,0
2390,5
1370,6
859,4
2404,1
365,1
880,4
1393,6
2423,5
1401,3
2427,0
2429,0
1920,5
1926,3
985,2
1939,5
2457,6
1436,3
926,4
1956,4
1960,6
1962,2
940,2
1966,1
1970,6
953,2
1466,3
1982,0
1993,5
460,6
974,2
979,2
980,2
1495,0
2009,3
2526,4
2018,1
996,4
2028,5
1006,6
954,2
496,1
2035,3
2551,5
504,6
2556,5
509,3
