1025,6
2563,0
517,6
1543,3
2571,3
525,6
2062,0
2578,0
3,5
2071,6
34,5
683,1
2086,3
1576,3
43,5
557,4
1073,3
564,4
1080,4
1596,3
62,5
576,4
66,6
1889,1
1615,0
2128,4
596,0
1634,4
2150,6
1639,5
1640,0
1644,1
1646,0
1141,1
119,5
1146,1
123,5
2684,4
2686,4
1151,0
1154,1
643,6
1160,6
143,5
1168,2
1169,5
658,3
1795,3
155,5
157,5
2210,3
454,1
168,5
1195,3
1196,4
685,6
174,2
688,6
1716,3
196,2
1735,0
1745,4
1749,0
2262,1
2264,1
220,2
225,2
1763,0
229,2
1831,1
749,0
1779,3
809,6
761,4
895,6
768,4
1579,3
2309,4
2312,2
780,1
781,4
1806,5
1807,5
1155,4
788,4
1497,5
2334,5
2336,6
801,0
1317,5
2343,3
1833,0
810,4
2349,1
1327,2
818,3
1849,3
830,0
1344,1
1352,5
1353,5
850,3
861,2
350,6
2192,2
2402,0
872,1
361,4
380,2
2431,4
2432,0
400,0
1440,2
423,0
1962,2
1452,2
942,2
2484,3
1976,5
957,2
964,2
1478,3
2505,1
460,6
2003,1
982,2
473,1
2012,3
1104,2
2018,1
2020,0
486,6
2023,4
1513,6
1002,6
496,1
1009,6
1015,2
1528,6
2644,1
