2564,1
2054,1
1031,6
87,5
533,1
1559,4
538,1
1052,3
32,5
33,5
2086,3
2087,3
1577,3
1582,4
1591,3
1081,1
60,5
575,4
1093,2
2632,5
1100,0
2127,3
1104,2
2135,0
2655,0
2406,1
1642,0
1132,1
1133,1
55,2
634,6
2171,3
124,5
127,5
2177,3
131,5
656,3
1172,5
662,3
153,5
1691,0
2209,6
1706,0
1708,4
174,2
1202,4
695,6
1208,4
1209,4
2240,6
2242,1
195,2
708,4
710,3
712,3
1739,4
1229,0
1236,2
726,0
1244,1
1247,1
2273,4
1265,4
2302,0
1794,4
1796,3
2314,6
780,1
2218,4
2327,0
793,1
287,3
800,2
1825,1
290,0
1476,4
2359,0
825,0
319,6
2370,0
331,2
846,4
849,3
341,2
855,2
1369,6
2192,2
2405,1
358,0
874,4
2411,2
1000,6
882,4
1910,5
888,5
1404,3
893,6
1941,5
1924,3
389,2
2447,5
1427,3
917,6
2462,0
2472,6
937,2
2475,0
1453,0
1968,1
1096,4
947,2
949,2
950,2
1975,0
1978,5
2492,1
1983,5
452,6
1991,5
968,2
1487,5
464,5
2006,3
473,1
986,2
2525,4
2014,4
992,3
484,6
2536,5
489,6
1514,6
1006,6
1021,1
1521,6
1522,6
1523,6
2039,0
170,2
1022,1
