512,3
2051,2
2052,1
517,6
2569,0
529,1
1045,0
1881,4
1796,3
538,1
2078,2
35,5
1572,6
1582,4
49,5
1592,0
1084,1
1434,3
1089,4
2627,3
2633,5
2126,3
85,5
2134,4
1624,3
356,1
2138,5
603,0
1121,1
2150,6
107,5
2669,3
626,0
1655,2
2168,5
125,5
1156,6
135,5
1173,5
662,3
153,5
669,3
1028,1
2214,0
683,1
697,6
187,2
2242,1
1398,3
2246,3
1735,0
1736,5
1739,4
204,2
1231,0
1745,4
1571,4
220,2
1247,1
464,5
2275,3
228,2
234,6
751,2
1776,3
1779,3
2299,1
768,4
769,1
1282,4
2308,0
1802,6
1291,0
788,4
1814,5
794,4
798,4
1244,1
647,6
1839,3
1330,2
1850,0
2442,3
834,0
844,0
483,6
855,2
1880,0
1369,6
859,4
350,6
867,1
2404,1
870,1
2411,2
2417,0
2451,1
1396,6
886,4
1922,6
903,4
1418,0
2370,0
1424,3
1939,5
917,6
1942,5
1946,5
2461,4
928,0
420,0
1960,6
1962,2
1967,1
2481,3
2482,4
947,2
953,2
443,0
1985,1
454,1
968,2
1481,2
1995,6
976,2
980,2
469,3
986,2
2011,3
2526,4
479,6
1506,6
2531,5
996,4
678,6
2024,4
490,6
2027,5
2549,5
1016,2
