512,4
513,2
2050,4
2569,5
2059,4
2,0
2574,1
2063,4
1456,4
3236,4
3129,2
1602,0
3140,3
2118,5
1612,0
3151,1
89,0
611,2
1383,3
2161,5
1660,0
1662,3
2177,1
645,2
2183,4
2696,3
653,2
3214,5
1681,2
658,4
1171,3
2201,2
3232,4
163,5
676,3
167,1
3241,2
2220,0
173,2
687,1
182,4
1722,1
701,1
1730,3
2249,4
2763,1
716,5
1741,4
3284,5
2513,3
1771,2
1260,2
2797,2
751,3
752,0
242,0
3316,1
2805,0
246,2
1785,1
2301,3
2310,5
641,1
2826,5
2519,3
2316,1
1410,3
1294,5
784,2
2321,4
1300,2
1301,5
2326,5
146,3
1833,1
2348,3
1841,2
824,1
3011,3
113,4
341,5
2904,0
2912,5
2193,4
1898,5
1389,4
2927,0
880,1
1396,3
380,2
386,0
1935,5
1938,5
915,2
410,2
2465,0
2466,0
1443,1
430,2
1968,0
436,1
1462,1
2492,4
3007,5
2499,5
459,4
1997,3
977,4
2211,3
983,0
2212,0
3034,3
2215,3
3239,4
1006,5
2035,1
2553,1
1531,0
2557,0
1022,0
