513,4
2051,2
1032,6
1546,4
2061,6
1552,5
1027,4
2581,3
535,1
1048,3
427,2
1056,3
2083,4
2064,3
689,1
1065,0
45,5
1081,1
1082,4
1775,6
1088,1
1093,2
71,5
588,0
1102,2
2639,0
83,4
597,0
953,2
1625,4
91,5
93,5
1121,1
1123,1
2666,0
1132,1
1656,3
2176,3
2690,0
1667,2
135,5
2186,4
140,5
1680,4
145,5
2194,4
664,3
196,2
1182,1
1187,3
541,1
2225,4
457,6
184,2
1214,6
191,2
2244,4
201,2
203,2
1231,0
1144,1
1234,6
547,4
1238,6
1754,5
2255,6
2281,3
1883,0
1772,0
1262,4
1263,4
246,2
765,6
260,2
1799,3
2312,2
2314,6
1804,4
785,6
1812,5
280,0
1817,3
1818,3
1824,1
804,0
1323,1
1324,2
817,3
2362,3
318,6
1856,5
329,5
2379,1
335,1
1370,6
859,4
826,3
2398,1
1168,2
357,4
1398,3
1770,5
383,0
320,6
2436,5
1930,0
1424,3
409,0
2287,0
924,4
927,0
1008,4
1446,2
423,0
426,0
2119,6
1220,6
1977,5
1985,1
1989,0
1478,3
456,6
969,2
1487,5
976,2
465,5
2003,1
981,0
2127,3
2017,1
2537,5
935,2
492,6
2544,5
497,1
500,6
1022,1
2042,6
85,5
511,3
