1029,1
1542,3
2058,3
1552,5
536,1
1562,6
29,5
2592,3
37,5
38,5
1066,0
49,5
2098,0
1075,1
2105,5
2621,3
1088,1
1291,0
2629,3
70,5
1095,4
585,0
2317,4
1105,2
2643,1
1110,0
2144,6
1126,3
1128,1
1129,1
108,5
1647,0
140,5
1145,1
1146,1
1663,5
2688,0
1667,2
1162,6
2700,0
1680,4
657,3
2194,4
2195,5
661,3
1177,2
538,1
1184,1
858,2
1200,4
178,2
191,2
192,2
1568,6
707,6
710,3
711,3
1739,4
1744,6
209,2
213,2
2262,1
215,3
2265,2
634,6
1246,1
738,0
227,2
1766,0
232,0
746,3
236,6
2289,1
759,0
1784,2
764,0
42,5
1793,4
260,2
2315,0
781,4
2321,4
384,0
788,4
1823,6
813,0
1326,2
1329,0
309,6
1664,2
316,6
1344,1
841,3
1866,0
845,3
852,1
1877,3
569,4
344,4
1882,4
350,6
356,1
1170,2
1392,6
369,4
884,4
373,4
886,4
1406,3
896,6
1413,0
2440,5
1937,5
2451,1
917,6
1943,5
2460,3
1951,5
2465,0
1959,5
1450,2
947,2
1463,3
952,2
1977,5
1468,3
2498,5
453,6
458,6
2001,1
1492,4
2521,3
1103,2
480,6
2021,4
1005,6
1518,6
2031,4
2557,5
1022,1
