2,0
2052,4
2053,3
1543,5
1552,1
1041,0
535,1
3096,3
1052,5
1285,5
544,4
1057,3
547,3
36,5
2085,4
2602,3
1202,1
565,2
2112,0
580,3
2643,0
1636,2
1126,1
109,4
116,0
3191,2
121,0
2682,3
1147,5
136,2
3209,0
2703,0
2243,1
1177,1
679,5
169,2
2218,1
1707,1
2220,0
1133,3
3246,2
3250,5
185,4
699,1
1212,3
3263,1
1219,5
1223,0
707,3
1745,0
2258,2
211,5
2772,2
2261,4
2774,3
1060,1
1754,1
1759,2
224,2
2275,3
743,2
3305,5
2799,2
1778,2
2293,0
2446,1
690,4
895,3
2812,4
1797,2
1291,5
2317,5
2836,5
1813,4
1831,4
2346,0
1324,0
2861,4
3181,3
818,1
2869,4
844,1
847,1
2385,5
1875,2
853,4
2905,0
2400,4
2914,4
869,3
1898,5
882,1
1257,4
1400,5
1002,3
2431,5
2432,4
397,5
1934,5
1943,1
2457,2
1435,3
2461,4
2974,0
2468,2
2993,3
1463,4
3010,2
3022,0
3066,5
2016,4
2025,1
490,0
496,2
339,2
1012,0
3070,3
1527,3
1018,0
1534,1
