2050,4
2056,4
11,0
1548,2
530,1
3091,2
22,0
536,1
3101,1
1054,1
544,4
3106,1
2993,3
43,5
1074,2
1078,5
1090,1
2627,5
1604,3
3142,5
3145,5
1622,1
600,3
95,3
2144,5
3172,0
2918,5
2066,3
3194,2
637,3
2692,1
2839,0
2704,4
146,3
2707,0
152,2
2718,5
159,2
676,3
2725,0
2215,3
2529,3
1211,3
2756,5
2765,4
2262,4
728,2
2785,0
2788,2
748,4
1262,4
1149,3
2800,0
755,4
2806,4
1274,5
763,1
2303,5
1794,2
555,5
3288,0
786,4
1814,4
791,0
793,0
1818,1
796,3
808,3
2358,0
1848,2
1163,3
1590,3
1351,2
840,1
1871,2
2384,3
2082,2
2399,0
870,5
1895,5
1899,5
1392,4
1905,4
2423,0
2427,0
1260,2
578,1
1425,4
2450,0
579,5
1940,0
406,5
1946,3
1438,2
932,5
1957,4
2983,4
2887,2
430,2
1969,4
440,1
442,1
960,1
1985,2
453,0
3017,2
3033,4
989,3
481,2
3043,4
487,0
1512,1
1001,3
1521,1
1523,1
2036,1
1014,5
2039,0
2553,1
1533,5
