0,17
2,26
3,12
5,6
6,9
7,11
8,124
9,15
10,77
11,66
12,38
13,49
14,6
15,5
16,1
18,15
19,6
20,42
21,10
22,5
23,32
24,7
25,26
26,5
27,3
28,2
30,4
31,20
32,28
34,9
35,3
36,3
37,24
38,15
39,22
40,3
41,13
42,7
43,4
44,2
46,4
47,5
48,34
51,13
52,2
53,6
55,3
56,1
57,15
58,1
59,9
60,24
61,2
62,1
63,9
64,6
65,5
66,1
67,9
68,3
69,5
71,5
72,2
73,6
74,4
76,3
77,2
78,1
79,2
82,2
83,7
84,3
85,2
90,4
91,1
92,1
93,3
94,9
95,4
96,4
97,7
99,4
100,2
101,3
102,1
104,8
106,6
107,2
108,3
109,5
111,2
112,6
118,3
120,2
121,2
124,2
125,3
126,3
130,2
141,4
143,2
147,1
162,2
163,3
185,1
