2561,0
1539,1
2564,1
2055,3
1546,4
1551,5
529,1
2068,3
2583,0
1876,5
2585,0
2078,2
1567,6
1449,2
556,4
50,5
52,5
1077,1
2615,3
1086,1
1601,0
1603,0
1609,4
1207,4
1613,3
87,5
2137,5
94,5
2660,0
2150,6
1134,6
1652,0
1141,1
1147,1
642,6
1667,2
1160,6
1675,4
2702,0
656,3
1169,5
660,0
149,5
662,3
537,1
964,2
160,5
163,5
2212,3
680,4
681,4
686,1
1199,6
693,6
2230,2
183,2
2239,0
2240,6
705,4
1218,6
197,2
2253,5
791,3
209,2
2261,5
2263,1
219,2
2271,4
1251,1
1253,1
2279,3
238,3
1778,3
243,3
249,2
256,0
1287,4
898,3
788,4
789,4
1303,4
1306,4
796,6
799,6
2342,3
1833,0
1322,1
811,3
477,3
313,6
830,0
833,3
1348,2
333,1
336,1
852,1
860,2
1887,5
1378,0
1892,1
2410,0
364,1
1904,0
1308,2
896,6
2434,0
2454,2
321,6
2028,5
1936,4
1939,5
918,6
1431,3
1440,2
937,2
427,2
1965,4
1966,1
452,6
356,1
971,2
464,5
2002,6
2590,3
987,2
2525,4
2016,5
2533,5
2024,4
1003,6
2540,4
2033,3
1010,0
1523,6
1012,6
2039,0
2553,5
1018,2
1533,4
2046,0
