1537,4
1025,0
2056,4
1546,1
2903,5
17,1
1554,1
1044,0
1562,5
1571,2
1573,1
3113,3
45,2
2094,1
1080,4
2619,3
61,5
3134,2
3136,4
1602,0
2632,0
585,5
76,3
3151,1
1617,1
3163,0
610,2
106,4
1627,1
1134,3
1213,3
626,5
2163,0
1655,1
632,3
3196,2
2173,2
1151,0
2688,0
2692,1
2696,3
2699,1
2193,4
1130,3
2720,2
2216,0
3242,3
686,1
693,3
1908,0
3261,0
2240,4
3268,2
3273,3
1227,0
207,5
208,2
35,5
2785,0
3298,3
2788,2
1259,2
2291,4
2292,4
3325,1
3326,4
1793,4
1283,5
261,1
775,4
788,3
1302,2
2850,5
2351,1
2873,4
2875,4
1340,4
2882,5
835,0
842,3
331,0
339,2
2023,2
1372,5
1384,3
999,2
2771,3
2419,4
1396,3
375,1
376,5
2433,4
2436,1
2975,5
1952,4
2978,3
1959,0
2479,5
2480,2
2481,1
2994,5
2489,5
2495,0
1440,2
2891,4
454,0
2511,3
2512,5
1489,2
1493,2
472,5
473,5
987,0
2524,3
477,5
2527,1
3043,4
1105,2
1521,1
1012,0
