1547,1
1550,2
1039,1
773,4
2600,4
1577,5
1579,4
1582,0
559,3
561,1
949,3
2624,4
1094,1
1099,3
1101,4
270,1
2666,0
1135,2
632,3
635,5
2178,4
643,2
1985,2
656,1
2193,4
2706,0
151,2
2203,3
670,5
2720,2
161,2
2210,1
1704,0
172,2
3248,3
691,4
2742,0
3255,3
1720,3
1211,3
702,2
1216,3
709,0
3272,0
2761,1
2259,2
2788,2
3303,5
240,5
3314,2
2771,3
758,4
1275,5
765,1
2818,5
259,1
2308,0
261,1
775,4
1806,0
276,2
283,1
2857,3
1324,0
309,5
310,5
2360,4
2369,4
834,3
323,2
2889,0
1868,3
2896,0
337,2
2898,0
341,5
861,5
354,1
2917,4
2918,5
1896,5
1909,0
2934,0
374,1
2940,0
896,1
2966,3
1414,1
1422,4
2961,4
2965,4
1942,0
1957,4
1450,1
939,5
3230,2
1978,2
3008,5
2497,1
2209,3
3017,2
2506,5
1485,4
466,3
2515,1
3030,5
986,2
477,5
991,4
1505,0
1509,1
2539,5
2301,3
2545,4
499,2
2558,0
1014,5
1527,3
1022,0
1023,3
