2051,2
2052,1
854,2
1031,6
2572,3
1037,4
1041,0
686,1
24,5
538,1
1053,3
1567,6
1571,4
1573,6
1577,3
555,4
45,5
53,5
2102,5
1079,4
2109,5
588,0
2637,0
13,5
2640,0
2131,0
2142,2
2143,6
1121,1
2664,1
2669,3
110,5
190,2
1654,4
1144,1
636,6
2686,4
2687,0
1153,4
1154,1
2180,0
1159,1
1673,2
139,5
1166,5
1679,4
2192,2
2158,6
1179,4
157,5
675,4
164,5
1191,0
1198,0
2223,0
177,2
183,2
184,2
700,6
1214,6
192,2
1733,0
2249,4
203,2
2240,6
208,2
1234,6
217,3
219,2
655,3
2277,3
2279,3
892,6
1770,5
1774,6
1776,3
1265,4
1789,3
1281,4
2306,0
1798,3
1297,0
274,0
1823,6
1828,1
2341,3
316,6
1344,1
1347,2
1348,2
1350,4
840,3
1866,0
1870,1
335,1
118,5
1366,3
859,4
229,2
865,1
1891,4
868,1
869,1
2406,1
1895,4
1387,4
541,1
878,4
1908,5
375,1
2425,1
1916,0
896,6
2438,5
1943,5
1431,3
1440,2
1957,6
1448,5
1961,6
431,0
1466,3
867,1
444,0
1471,3
448,6
1477,3
1990,5
457,6
970,2
1486,5
469,3
1494,0
477,3
990,4
492,6
2301,0
2548,5
937,2
1016,2
