1536,4
2053,1
7,5
520,4
1549,5
527,4
529,1
1245,1
2579,0
1046,3
2071,6
538,1
1569,6
546,1
1573,6
1063,0
2603,3
2605,3
2094,3
2109,5
1087,1
2626,3
354,4
1103,2
2652,0
1119,4
2145,5
1634,4
1635,4
1641,0
1133,1
2158,6
1140,1
1146,1
2684,4
128,5
2178,6
2692,0
2016,5
2696,1
1673,2
1163,6
146,5
1178,4
454,1
167,5
1394,6
179,2
2233,5
700,6
2243,1
2245,3
710,3
1737,0
714,0
1746,4
2259,5
727,0
221,2
2273,4
227,2
228,2
1254,6
1769,5
2283,0
1776,3
1777,3
754,0
894,6
251,6
768,4
777,6
267,0
1804,4
1154,1
786,3
1823,6
806,6
810,4
811,3
815,0
816,3
817,3
818,3
2356,2
2369,0
1348,2
2374,5
1864,0
1354,5
2382,2
1877,3
343,4
1884,0
1373,1
1890,4
357,4
359,1
1899,0
2412,5
882,4
885,4
375,1
889,6
1402,3
380,2
382,0
2438,5
1345,1
910,0
1937,5
1939,5
1940,5
1430,3
1944,5
2471,6
938,2
1451,6
1452,2
2290,1
445,0
961,2
2499,5
966,2
969,2
970,2
461,6
2510,3
1669,2
1495,0
2008,3
473,1
2042,6
990,4
480,6
2017,1
935,2
2029,2
1018,2
2047,3
