1537,4
1540,3
517,6
1037,4
2575,3
533,1
2074,0
539,1
541,1
542,1
546,1
2596,3
37,5
40,5
1065,0
2119,6
1608,0
85,5
2404,1
1637,4
1634,4
1636,4
2149,0
614,0
106,5
2156,5
1139,1
633,6
643,6
2692,0
646,6
1644,1
891,6
1681,4
659,3
148,5
1685,3
151,5
153,5
160,5
164,5
170,2
683,1
2221,0
1712,0
183,2
2235,3
1215,6
710,3
712,3
203,2
717,0
218,2
2268,5
1245,1
222,2
1573,6
736,3
227,2
1764,0
2288,4
1782,0
553,4
1277,3
1793,4
262,2
2317,4
1811,5
2325,5
1818,3
2338,3
1670,2
806,6
2344,0
1333,2
320,6
1350,4
2375,3
842,3
2380,4
2018,1
1359,3
848,4
851,4
860,2
2401,0
1891,4
356,1
2410,0
876,4
1391,5
880,4
1913,3
379,0
1407,0
1344,1
1922,6
1416,4
910,0
2449,6
2452,5
1946,5
2469,3
938,2
1967,1
1458,1
499,6
440,0
1466,3
2494,4
961,2
969,2
247,2
1996,3
973,2
1998,1
464,5
2005,4
983,2
984,6
2212,3
2523,1
989,2
933,2
2017,1
482,6
2535,5
1000,6
490,6
1003,6
492,6
1517,6
494,1
253,2
2547,5
2038,0
2554,5
2043,2
1532,0
1023,1
