513,4
2562,0
2052,1
2054,1
1546,4
1538,1
1553,5
20,5
1046,3
1562,6
539,1
2077,2
30,5
2595,3
1542,3
973,2
1072,3
1073,3
1075,1
566,4
571,4
1597,3
63,5
68,5
950,2
2120,6
2123,4
1123,1
356,1
2138,5
2139,6
1119,4
1634,4
2235,3
2148,0
1640,0
2665,0
108,5
109,5
2664,1
1129,1
1657,2
1078,1
2684,4
2687,0
1157,3
137,5
2187,5
1676,0
655,3
2705,0
1174,5
1220,6
161,5
1191,0
682,1
2220,6
174,2
1205,4
183,2
185,2
187,2
188,3
1215,6
706,6
707,6
196,2
203,2
1741,0
1231,0
1749,0
218,2
2255,6
225,2
231,1
2582,3
247,2
2516,3
251,6
2310,6
2321,4
1311,5
2096,3
1317,5
1318,6
1831,1
1832,1
1849,3
316,6
833,3
1347,2
2373,5
337,0
854,2
344,4
143,5
1373,1
1889,1
1380,4
371,1
2421,5
575,4
1915,3
918,6
1416,4
1422,0
403,0
916,6
1429,3
1430,3
1177,2
2456,0
1947,5
1349,4
1955,5
1446,2
1521,6
424,0
1974,0
799,6
961,2
1987,1
964,2
1994,0
1997,1
975,4
1669,2
1489,4
1492,4
2007,3
2524,0
478,3
481,6
996,4
1004,6
494,1
2545,5
1522,6
2041,0
506,4
