2566,5
3093,4
2137,3
2591,2
3105,5
2594,2
2087,5
2602,3
3115,2
556,5
3117,4
2606,5
3119,4
1585,5
3122,3
1079,3
1081,4
2108,5
2623,5
64,3
2628,4
2118,5
2128,2
2129,4
1106,3
598,1
1113,0
1114,0
2139,1
99,2
2155,4
2160,5
3186,1
637,3
2175,5
790,4
2242,4
3224,4
1689,0
1690,0
2715,2
1989,1
3242,3
1195,4
689,4
2232,2
2746,3
2749,4
1727,5
704,0
706,5
195,1
1732,1
1740,4
1743,0
1235,2
216,1
2852,3
3295,4
2788,2
234,2
1265,1
1266,1
2771,3
2294,5
3323,1
3325,1
258,2
1293,5
2838,0
1305,0
1827,2
804,4
805,0
295,4
1325,0
2866,5
1334,2
841,1
845,4
2898,0
1875,2
1884,5
2398,0
1890,0
1379,3
1897,3
2927,0
1396,3
2939,0
381,5
1411,3
1423,4
1430,1
3225,1
1944,0
929,5
1955,2
2473,0
2991,5
1971,1
949,3
1976,1
1473,2
962,1
49,2
458,0
2003,1
2006,2
3034,3
989,3
1104,0
488,0
3051,4
765,1
498,2
1523,1
1527,3
2047,2
1023,3
