8,0
1547,1
528,2
2066,3
3325,1
1556,2
1113,0
3096,3
3099,4
2138,5
552,2
2089,5
3114,2
3121,5
2610,4
777,2
3128,3
1081,4
64,3
1602,0
1094,1
73,3
3146,5
2126,1
1107,5
3158,0
2137,3
1626,1
606,5
2660,3
1131,3
1146,1
2170,4
636,3
2176,5
3201,3
1155,1
1672,0
1162,3
3211,5
2704,4
1685,4
3223,4
3228,2
2207,3
3236,4
2213,0
1191,4
2220,0
1198,1
1204,1
184,4
1740,4
1229,2
722,5
2771,3
728,2
1753,1
1757,2
1765,5
3304,2
2343,0
2799,2
244,2
3113,3
1786,1
1276,5
2813,3
2814,3
2688,0
1801,1
2318,5
984,3
1814,4
1306,0
2847,4
289,2
2609,4
1331,2
2359,5
2363,4
2186,5
328,1
850,4
339,2
2617,2
1370,5
349,2
864,5
884,0
887,1
2945,0
2447,1
913,1
1939,0
2965,4
1945,0
930,3
70,0
1959,0
1968,0
1972,1
2495,0
3008,5
2503,0
1999,0
590,4
470,5
2520,4
1188,1
989,3
990,3
2528,1
2536,5
2026,2
3051,4
2541,5
1519,1
1363,2
508,2
