514,3
2051,2
516,3
1029,1
1032,6
526,4
15,0
2065,3
1539,1
1556,6
2070,0
1050,3
2587,3
2077,2
2080,1
2115,4
557,4
2094,3
365,1
57,5
1086,1
2627,3
580,0
950,2
2123,4
76,5
1805,3
2128,4
2134,4
1111,0
2659,0
529,1
2664,1
105,5
1132,1
1649,2
2169,3
1659,6
2175,6
534,1
1671,2
2696,1
1163,6
2413,5
1169,5
1172,5
149,5
152,5
1177,2
667,3
1184,1
1905,2
168,5
967,2
1204,4
1719,3
192,2
207,2
721,5
1234,6
2260,5
2261,5
1145,1
224,2
227,2
1263,4
1776,3
1777,3
2296,0
2297,0
1275,4
260,2
261,2
779,4
781,4
2322,6
1812,5
1582,4
1303,4
1304,4
798,4
1823,6
1319,5
2348,1
1442,3
1329,0
2355,0
824,0
316,6
317,6
1854,4
1343,0
1862,4
2017,1
333,1
1360,3
2386,6
2390,5
267,0
1882,4
2411,2
364,1
1901,6
1904,0
2417,0
375,1
897,6
1927,3
1932,0
1091,0
2454,2
1952,5
1954,5
2470,6
2477,0
945,2
1458,1
1459,3
438,0
952,2
441,0
954,2
955,0
1471,3
2499,5
1991,5
457,6
2509,3
1998,1
976,2
2003,1
469,3
848,4
1506,6
2537,5
2540,4
1005,6
1520,6
498,6
500,6
