3,5
1029,1
2569,0
1548,5
18,5
27,5
858,2
2080,1
2083,4
2085,3
552,4
42,5
555,4
560,4
1586,1
2612,3
2101,5
2621,3
949,2
353,4
1106,0
2405,1
98,5
622,0
2161,3
190,2
1143,1
1657,2
1147,1
1662,5
1151,0
2176,3
1153,4
642,6
645,6
2184,0
1678,2
2192,2
658,3
150,5
1688,0
669,3
2207,6
677,1
682,1
685,6
702,6
1729,4
207,2
888,5
1239,4
216,2
218,2
1245,1
2270,4
738,0
1765,0
1319,5
236,6
2285,0
1785,2
1786,4
765,6
258,6
1285,4
1798,3
2311,4
1804,4
2349,1
284,0
1242,0
1824,1
295,0
129,5
1837,3
1327,2
1672,2
2090,5
478,3
1853,6
319,6
1859,0
334,1
339,4
1879,4
2394,0
2395,0
861,2
2399,0
1377,6
355,4
869,1
361,4
874,4
2411,2
365,1
1903,3
885,4
1910,5
376,6
377,0
2426,0
1403,3
1405,3
898,3
1923,6
1087,1
2447,5
917,6
1432,3
921,4
2458,1
1519,6
1889,1
1952,5
1960,6
938,2
940,2
1966,1
948,2
1973,5
1466,3
1468,3
1983,5
1474,3
2499,5
969,2
972,2
2010,3
2008,3
986,2
1502,0
2018,1
1508,6
998,6
2044,5
495,1
498,6
1527,6
508,0
