1549,5
1368,3
2578,0
534,1
535,1
1563,4
31,5
549,1
2094,3
2610,3
1077,1
568,4
1086,1
2625,3
70,5
583,3
2636,0
1123,1
2644,1
1624,3
2649,6
2656,3
610,0
443,0
2660,0
17,4
2153,5
2669,3
626,0
1139,1
1982,0
1654,4
1144,1
634,6
1215,6
124,5
2687,0
640,0
136,5
2188,6
1305,4
1691,0
1222,6
681,4
682,1
181,0
189,2
703,6
194,2
707,6
1221,6
710,3
199,2
200,2
375,1
209,2
2263,1
216,2
2269,5
1762,0
229,2
1257,4
2283,0
1776,3
1265,4
1780,5
248,2
639,0
1322,1
769,1
771,4
1798,3
2311,4
776,6
2328,0
1817,3
1818,3
2335,5
806,6
1832,1
810,4
2349,1
221,2
311,6
1854,4
198,2
322,6
2374,5
1863,5
1352,5
843,3
1869,1
2383,3
339,4
1880,0
2398,1
1375,6
353,4
2405,1
878,4
885,4
1910,5
233,6
1403,3
1916,0
1919,5
1411,0
1929,0
2444,3
397,2
2446,5
2450,3
1948,5
1949,5
1962,2
940,2
2461,4
435,0
949,2
1467,3
2494,4
450,6
967,2
968,2
2505,1
970,2
459,6
972,2
1490,4
1492,4
2517,3
1506,6
2533,5
2535,5
1003,6
1522,6
2548,5
502,6
1017,2
1018,2
