2050,0
515,4
1029,1
528,1
1553,5
1556,6
536,1
1049,3
1563,4
543,1
546,1
44,5
178,2
1586,1
52,5
569,4
67,2
1613,3
80,5
1107,0
88,5
1625,4
1120,4
1121,1
98,5
2661,0
1126,3
103,5
2669,3
1134,6
123,5
638,6
128,5
643,6
2696,1
1167,5
148,5
1476,4
667,3
669,3
158,6
1183,1
2209,6
2211,3
1189,0
2290,1
684,6
1224,0
2226,0
1716,3
2230,2
189,2
2238,0
1216,6
1218,6
1219,6
710,3
711,3
1736,5
1742,3
210,2
2263,1
2265,2
1245,1
225,2
242,3
2293,0
759,0
761,4
1787,3
1152,1
1282,4
773,3
1286,4
1239,4
792,4
1308,2
1319,5
808,1
309,6
1336,0
1076,1
2365,0
832,0
322,6
2017,1
2381,4
846,4
1871,3
849,3
1874,0
852,1
1367,3
856,2
143,5
1372,6
863,4
2400,0
869,1
1896,4
882,4
889,6
1405,3
1344,1
391,0
400,0
914,0
1939,5
2454,2
1945,5
933,2
935,2
1961,6
938,2
940,2
941,2
946,0
436,0
1634,4
245,2
961,2
964,2
2501,5
1480,6
2508,3
462,5
2006,3
2523,1
1500,0
989,2
990,4
991,4
1104,2
1510,6
2023,4
490,6
2036,6
2549,5
504,6
2559,5
