2048,5
1540,2
1739,5
1034,0
2060,0
1047,1
1567,2
33,1
1059,1
37,5
551,2
2091,1
1068,3
3123,5
2105,2
2618,5
693,3
2628,4
2657,3
1616,0
1379,3
600,3
1629,1
609,0
2666,0
108,4
624,5
2163,0
2677,0
2168,4
2324,5
634,5
2685,3
3200,0
646,2
2183,4
648,2
908,5
2700,1
654,2
656,1
661,0
2222,3
181,4
2231,2
187,4
192,2
2755,0
708,0
2761,1
715,1
1400,5
2083,3
1236,2
1998,4
1246,5
1248,2
1761,2
2786,0
723,5
245,2
249,1
766,1
2820,3
2823,2
2519,3
788,3
280,4
2845,2
288,1
2849,4
2862,4
1851,2
1340,4
838,4
140,2
1866,1
2530,5
850,4
1876,0
2914,4
2403,5
1380,0
1383,3
376,5
2709,3
385,1
387,5
904,5
2444,1
2449,3
1941,0
3140,3
1951,4
2978,3
2982,4
1447,4
1451,0
1456,4
1461,3
2036,1
1466,1
2492,4
1983,1
1990,3
456,0
972,0
3022,0
2001,0
2517,5
1494,2
761,1
3034,3
477,5
3042,4
1001,3
1003,5
494,1
500,2
508,2
