1025,6
1538,1
1539,1
1540,3
11,5
12,5
1037,4
2069,3
2077,2
1567,6
1570,6
2595,3
39,5
2605,3
605,0
565,4
2621,3
360,6
67,2
68,5
1095,4
2642,5
2646,5
2653,0
94,5
608,0
2657,3
1124,0
1637,4
2492,1
1644,1
109,5
2158,6
1649,2
1141,1
1658,6
638,6
1152,1
1668,2
2669,3
657,3
622,0
1176,5
2206,3
672,4
676,1
1702,4
170,2
686,1
2231,5
696,6
186,2
2236,3
1738,4
1728,3
194,2
2243,1
708,4
1226,0
205,2
2254,0
207,2
208,2
210,2
1752,0
634,6
735,0
226,2
227,2
229,2
234,6
1263,4
752,0
2290,1
1267,4
760,4
767,1
2306,0
1800,3
2316,4
782,6
274,0
2334,5
2335,5
1824,1
1825,1
1323,1
2482,4
1843,3
820,0
1344,1
835,0
1350,4
2018,1
1871,3
1365,3
856,2
350,6
2404,1
2408,4
368,1
370,4
1396,6
887,4
2445,5
910,0
402,0
1347,2
1942,5
1434,3
1775,6
417,0
2468,5
2469,3
936,2
1963,5
429,0
942,2
1970,6
2490,3
1468,3
1981,0
2499,5
2500,5
1485,5
248,2
981,0
984,6
2523,1
2013,3
991,4
2528,5
994,4
998,6
1511,6
496,1
1011,6
2037,6
506,4
2043,2
