1536,4
2051,2
1030,5
1550,5
528,1
19,5
2068,3
1966,1
537,1
540,1
21,5
2597,3
553,4
2095,3
179,2
1594,0
80,5
1625,4
606,0
1121,1
2151,6
1640,0
615,0
2669,3
622,0
1649,2
2165,3
1142,1
788,4
2170,3
1148,0
2687,0
129,5
1156,6
1671,2
139,5
533,1
1573,6
1682,5
1685,3
127,5
1177,2
666,3
674,1
683,1
2220,6
2223,0
176,2
177,2
2227,0
1716,3
2230,2
183,2
184,2
700,6
703,6
1216,6
197,2
711,3
1239,4
2269,5
1247,1
1248,1
225,2
2275,3
1254,6
1256,4
1258,4
1259,4
1261,4
239,3
1273,4
1786,4
1275,4
1788,3
767,1
2304,0
1282,4
783,4
1810,5
1811,5
2324,5
789,4
799,6
1825,1
1315,5
293,0
810,4
2351,0
821,3
2271,4
318,6
831,2
1856,5
1163,6
1363,3
341,2
1371,6
1892,1
870,1
360,6
874,4
1902,2
373,4
1910,5
887,4
888,5
380,2
383,0
386,0
1926,3
2439,0
396,0
911,0
1430,3
1945,5
496,1
2471,6
1449,2
430,0
943,2
947,2
436,0
961,2
1986,1
1987,1
2505,1
459,6
460,6
2517,3
1787,3
484,6
997,6
495,1
2544,5
1009,6
1522,6
2554,5
1020,0
511,3
