1537,4
1540,3
1029,1
521,4
1034,0
12,5
14,5
530,1
516,3
2082,0
2093,0
2612,3
2103,5
1083,4
1076,1
2631,3
1612,3
1105,2
2644,1
90,5
91,5
954,2
1118,4
2662,0
2159,6
116,5
1653,4
1655,2
2170,3
2217,4
1153,4
2690,0
132,5
136,5
1674,2
1676,0
1167,5
1561,6
1181,4
1222,6
1705,0
177,2
2419,6
1214,6
2421,5
1216,6
1730,3
198,2
1225,4
546,1
2564,1
1232,0
206,2
2262,1
2264,1
732,0
2269,5
1758,0
224,2
226,2
742,0
757,0
1274,4
1787,3
2300,1
1279,4
1283,4
261,2
2312,2
1324,2
781,4
1240,6
2325,5
280,0
1817,3
1821,0
800,2
1828,1
810,4
2347,1
812,3
1843,3
823,0
312,6
564,4
1930,0
2371,0
1349,4
2377,3
1354,5
2384,3
341,2
1370,6
1889,1
59,5
1380,4
869,1
870,1
2415,3
1394,6
371,1
1397,3
2348,1
1402,3
389,2
394,0
2445,5
2448,5
2456,0
2457,6
1436,3
1960,6
1968,1
433,0
948,2
1466,3
2494,4
1471,3
2501,5
967,2
76,5
1483,2
1998,1
2002,6
2003,1
986,2
2017,1
996,4
997,6
1511,6
252,5
490,6
491,6
493,6
2546,5
1523,6
1193,4
1528,6
1018,2
1877,3
