2051,2
1542,3
2056,3
1033,0
2572,3
1043,3
533,1
535,1
1563,4
1054,3
543,1
1580,3
559,4
2610,3
2615,3
1082,4
2115,4
2120,6
80,5
81,5
596,0
88,5
90,5
2140,2
607,0
2658,3
1125,4
1809,5
2664,1
111,5
1657,2
2174,5
2177,3
2178,6
132,5
645,6
2695,0
1266,4
138,5
1678,2
1679,4
656,3
1681,4
1170,2
1692,0
1693,0
2208,6
539,1
1188,5
677,1
1704,0
1193,4
170,2
2219,6
1205,4
184,2
1396,6
699,4
2242,1
198,2
1740,4
2257,5
722,2
1241,1
2268,5
1253,1
744,2
234,6
1773,0
242,3
246,2
1278,4
1290,4
268,0
642,6
273,0
2331,3
1308,2
1314,5
806,6
807,6
809,6
2347,1
821,3
1846,2
824,0
2368,0
1345,1
325,5
2375,3
1355,5
2381,4
1871,3
1872,3
851,4
852,1
860,2
1376,1
2405,1
1154,1
2407,1
2420,0
374,1
2426,0
1407,0
1923,6
2436,5
903,4
393,0
2079,1
1426,3
2457,6
925,4
1439,3
416,0
1446,2
156,5
940,2
2477,0
943,2
1440,2
1478,3
456,6
971,2
1998,1
1487,5
1496,0
2526,4
482,6
1510,6
1512,6
2537,5
2538,5
1515,6
497,1
499,6
1012,6
1013,0
1449,2
1019,4
