3077,0
2567,3
2571,5
1551,0
1046,1
2076,3
2591,2
2080,3
1059,1
556,5
3119,4
1586,5
1589,5
1590,3
567,4
56,3
3135,1
3137,2
11,0
1095,1
1614,1
1616,0
2641,1
2145,5
611,2
2148,4
3187,5
635,5
1402,4
1153,2
1668,2
2693,1
3209,0
3211,5
3212,5
2925,1
668,1
1186,4
1704,0
3242,3
686,1
3247,5
2738,4
1651,1
2230,4
543,5
3104,5
209,3
722,5
1747,0
2267,2
2053,3
1757,2
744,2
233,5
1771,2
1773,3
2800,0
2301,3
768,4
2820,3
261,1
2311,5
264,1
44,1
2321,4
1411,3
2839,0
1305,0
796,3
1315,2
2854,2
1319,3
2524,3
3122,3
2351,1
306,0
1844,1
2360,4
139,3
2886,4
1353,4
1355,4
1868,3
2382,0
1362,1
2388,4
859,2
1377,2
1389,4
2927,0
1904,0
885,0
376,5
2426,4
899,1
2438,5
392,5
1933,0
1426,4
3139,4
1945,0
2462,2
928,5
2984,2
2473,0
1963,1
1469,4
1472,0
2497,1
463,0
466,3
474,4
3036,5
1502,2
483,2
2023,2
2029,2
2042,2
3071,3
