4,4
1544,5
3082,4
2579,2
21,3
1563,2
545,1
34,5
35,5
2081,3
1577,5
2602,3
1584,2
2101,4
2616,2
57,1
571,5
2620,2
2622,4
69,0
70,0
1618,1
599,1
91,5
2654,0
96,0
2658,5
1297,5
1129,3
109,4
3091,2
2165,5
1662,3
640,5
2178,4
1387,1
3204,3
137,5
1162,3
1171,3
1702,0
177,2
1830,4
182,4
3273,3
697,1
186,4
2757,2
289,2
713,5
1230,2
1233,0
3298,3
2789,2
1745,0
1256,4
1257,4
3307,5
1777,2
741,1
2805,0
1270,2
248,1
2814,3
769,0
1083,3
1765,5
1816,4
2843,1
2846,4
2337,2
294,4
1831,4
301,1
825,5
2365,3
1858,1
56,3
1879,1
345,1
2688,0
2398,0
2911,1
1890,0
2107,1
1385,0
3303,5
2925,1
2416,0
891,4
2942,0
1410,3
1411,3
1419,4
1424,4
2454,5
3141,0
1954,2
419,2
2742,0
951,0
1269,1
1986,2
3011,3
2500,2
2505,4
1995,3
1484,0
3021,0
3025,4
2515,1
980,2
470,5
2524,3
3187,5
1510,1
1001,3
494,1
1015,5
2041,2
