3072,5
0,0
2567,3
521,0
1715,2
20,3
3094,0
1561,5
1053,1
2078,5
3107,1
2085,4
2599,4
1576,3
1072,2
1074,2
2610,4
565,2
1590,3
1081,4
1084,5
2109,5
575,5
2626,1
3122,3
71,3
584,1
3149,4
2126,1
2135,0
1627,1
2144,5
1126,1
2662,2
2663,2
617,0
621,5
3182,0
2164,5
1145,1
1661,0
3202,3
1155,1
2183,4
2924,0
1165,2
2669,2
657,4
1696,5
673,3
2210,1
164,1
1708,1
179,3
1716,2
2229,1
694,3
705,3
1212,3
1217,0
1219,5
3272,0
3275,5
1742,4
1235,2
1751,1
1260,2
2798,2
1275,5
778,2
2830,0
2179,4
1308,1
1311,1
1321,0
1835,4
2348,3
813,5
307,0
2869,4
2369,4
1861,0
2376,3
1868,3
141,2
2905,0
143,3
2403,5
1381,0
364,4
2933,0
1911,0
2426,4
387,5
2437,5
1857,5
2443,2
2963,4
2964,4
1429,2
919,0
1434,3
926,5
418,2
1446,4
435,4
1976,1
1984,3
966,1
1479,4
1992,0
467,2
676,3
991,4
1512,1
1001,3
1003,5
1516,1
2029,2
2046,2
