0,0
1,0
2,0
3,4
4,4
5,0
6,0
7,0
8,0
9,2
10,2
11,0
12,1
13,1
14,5
15,1
16,5
17,1
18,5
19,5
20,3
21,3
22,0
23,0
24,0
25,0
26,1
27,1
28,1
29,2
30,2
31,2
32,2
33,1
34,5
35,5
36,5
37,5
38,2
39,2
40,2
41,2
42,2
43,5
44,1
45,2
46,2
47,2
48,2
49,2
50,1
51,2
52,2
53,2
54,0
55,3
56,3
57,1
58,4
59,3
60,5
61,5
62,3
63,2
64,3
65,3
66,5
67,1
68,1
69,0
70,0
71,3
72,3
73,3
74,3
75,0
76,3
77,2
78,2
79,0
80,0
81,0
82,1
83,1
84,2
85,2
86,1
87,1
88,0
89,0
90,1
91,5
92,1
93,4
94,1
95,3
96,0
97,2
98,2
99,2
100,2
101,2
102,5
103,5
104,3
105,1
106,4
107,4
108,4
109,4
110,4
111,0
112,0
113,4
114,0
115,0
116,0
117,4
118,4
119,0
120,0
121,0
122,0
123,5
124,5
125,5
126,5
127,5
128,5
129,2
130,2
131,1
132,2
133,2
134,2
135,2
136,2
137,5
138,5
139,3
140,2
141,2
142,3
143,3
144,3
145,5
146,3
147,2
148,2
149,2
150,2
151,2
152,2
153,2
154,2
155,5
156,1
157,2
158,2
159,2
160,2
161,2
162,2
163,5
164,1
165,1
166,1
167,1
168,2
169,2
170,2
171,2
172,2
173,2
174,2
175,2
176,2
177,2
178,2
179,3
180,5
181,4
182,4
183,4
184,4
185,4
186,4
187,4
188,4
189,4
190,2
191,2
192,2
193,1
194,2
195,1
196,2
197,2
198,2
199,2
200,2
201,2
202,2
203,5
204,5
205,2
206,2
207,5
208,2
209,3
210,2
211,5
212,5
213,5
214,2
215,1
216,1
217,1
218,4
219,2
220,4
221,5
222,5
223,2
224,2
225,5
226,5
227,5
228,5
229,1
230,0
231,2
232,5
233,5
234,2
235,2
236,2
237,2
238,2
239,2
240,5
241,2
242,0
243,2
244,2
245,2
246,2
247,1
248,1
249,1
250,0
251,0
252,0
253,2
254,2
255,2
256,5
257,2
258,2
259,1
260,1
261,1
262,1
263,1
264,1
265,1
266,1
267,1
268,1
269,1
270,1
271,0
272,0
273,2
274,2
275,1
276,2
277,1
278,2
279,4
280,4
281,1
282,1
283,1
284,1
285,1
286,2
287,1
288,1
289,2
290,5
291,1
292,2
293,2
294,4
295,4
296,5
297,1
298,1
299,1
300,1
301,1
302,1
303,1
304,1
306,0
307,0
308,0
309,5
310,5
311,4
312,0
313,0
314,5
315,5
316,2
317,2
318,2
319,2
320,0
321,1
322,2
323,2
324,1
325,1
326,1
327,1
328,1
329,2
330,0
331,0
332,0
333,0
334,3
335,0
336,5
337,2
338,2
339,2
340,5
341,5
342,1
343,1
344,1
345,1
346,1
347,1
348,1
349,2
350,2
351,5
352,1
353,1
354,1
355,1
356,1
357,1
358,1
359,1
360,1
361,5
362,5
363,5
364,4
365,5
366,5
367,5
368,5
369,3
370,1
371,1
372,1
373,1
374,1
375,1
376,5
377,1
378,0
379,2
380,2
381,5
382,1
383,1
384,1
385,1
386,0
387,5
388,5
389,5
390,5
391,5
392,5
393,5
394,5
395,5
396,5
397,5
398,5
399,2
400,2
401,2
402,1
403,0
404,4
405,5
406,5
407,2
408,2
409,2
410,2
411,2
412,1
413,1
414,1
415,1
416,1
417,1
418,2
419,2
420,2
421,2
422,0
423,0
424,2
425,2
426,2
427,0
428,0
429,0
430,2
431,2
432,1
433,1
434,0
435,4
436,1
437,1
438,1
439,1
440,1
441,1
442,1
443,5
444,2
445,1
446,4
447,4
448,4
449,0
450,0
451,0
452,0
453,0
454,0
455,0
456,0
457,0
458,0
459,4
460,4
461,2
462,0
463,0
464,0
465,1
466,3
467,2
468,2
469,5
470,5
471,2
472,5
473,5
474,4
475,5
476,2
477,5
478,5
479,5
480,5
481,2
482,2
483,2
484,2
485,2
486,0
487,0
488,0
489,5
490,0
491,0
492,0
493,2
494,1
495,2
496,2
497,2
498,2
499,2
500,2
501,2
502,1
503,1
504,1
505,1
506,1
507,2
508,2
509,4
510,2
511,4
512,4
513,2
514,2
515,2
516,2
517,2
518,2
519,5
520,5
521,0
522,1
523,0
524,4
525,1
526,1
527,5
528,2
529,2
530,1
531,1
532,1
533,1
534,1
535,1
536,1
537,1
538,1
539,4
540,2
541,4
542,4
543,5
544,4
545,1
546,2
547,3
548,2
549,2
550,2
551,2
552,2
553,2
554,5
555,5
556,5
557,2
558,1
559,3
560,1
561,1
562,2
563,2
564,2
565,2
566,1
567,4
568,4
569,4
570,5
571,5
572,2
573,4
574,4
575,5
576,4
577,4
578,1
579,5
580,3
581,2
582,2
583,4
584,1
585,5
586,1
587,1
588,2
589,0
590,4
591,4
592,4
593,0
594,0
595,1
596,1
598,1
599,1
600,3
601,4
602,2
603,2
604,2
605,2
606,5
607,4
608,0
609,0
610,2
611,2
612,0
613,0
614,0
615,5
616,0
617,0
618,0
619,5
620,5
621,5
622,4
623,1
624,5
625,5
626,5
627,5
628,1
629,1
630,2
631,2
632,3
633,3
634,5
635,5
636,3
637,3
638,1
639,1
640,5
641,1
642,2
643,2
644,2
645,2
646,2
647,2
648,2
649,2
650,2
651,2
652,2
653,2
654,2
655,2
656,1
657,4
658,4
659,4
660,0
661,0
662,0
663,0
664,2
665,2
666,2
667,1
668,1
669,5
670,5
671,5
672,5
673,3
674,2
675,1
676,3
677,2
678,2
679,5
680,5
681,2
682,5
683,1
684,1
685,2
686,1
687,1
688,1
689,4
690,4
691,4
692,4
693,3
694,3
695,5
696,1
697,1
698,1
699,1
700,1
701,1
702,2
703,1
704,0
705,3
706,5
707,3
708,0
709,0
710,0
711,2
712,2
713,5
714,1
715,1
716,5
717,0
718,1
719,1
720,2
721,2
722,5
723,5
724,1
725,2
726,1
727,5
728,2
729,1
730,1
731,5
732,2
733,2
734,2
735,2
736,5
737,5
738,5
739,5
740,5
741,1
742,2
743,2
744,2
745,5
746,5
747,5
748,4
749,4
750,2
751,3
752,0
753,1
754,4
755,4
756,4
757,4
758,4
759,2
760,2
761,1
762,5
763,1
764,1
765,1
766,1
767,0
768,4
769,0
770,3
771,3
772,4
773,4
774,4
775,4
776,2
777,2
778,2
779,3
780,5
782,2
783,2
784,2
785,2
786,4
787,4
788,3
789,5
790,4
791,0
792,0
793,0
794,1
795,1
796,3
797,1
798,2
799,1
800,1
801,0
802,0
803,4
804,4
805,0
806,0
807,2
808,3
809,4
810,4
811,3
812,3
813,5
814,5
815,2
816,0
817,0
818,1
819,2
820,0
821,4
822,0
823,0
824,1
825,5
826,2
827,1
828,5
829,3
830,2
831,1
832,4
833,3
834,3
835,0
836,0
837,1
838,4
839,5
840,1
841,1
842,3
843,1
844,1
845,4
846,4
847,1
848,4
849,1
850,4
851,4
852,4
853,4
854,4
855,3
856,5
857,2
858,2
859,2
860,5
861,5
862,5
863,5
864,5
865,5
866,5
867,4
868,4
869,3
870,5
871,1
872,1
873,1
874,5
875,2
876,5
877,5
878,5
879,1
880,1
881,3
882,1
883,2
884,0
885,0
886,2
887,1
888,2
889,0
890,0
891,4
892,4
893,5
894,5
895,3
896,1
897,0
898,1
899,1
900,2
901,2
902,2
903,5
904,5
905,2
906,5
907,5
908,5
909,0
910,0
911,2
912,2
913,1
914,2
915,2
916,1
917,1
918,1
919,0
920,0
921,0
922,1
923,1
924,1
925,1
926,5
927,5
928,5
929,5
930,3
931,2
932,5
933,5
934,2
935,5
936,5
937,1
938,1
939,5
940,5
941,4
942,4
943,1
944,1
945,1
946,1
947,5
948,1
949,3
950,5
951,0
952,5
953,0
954,3
955,1
956,1
957,1
958,1
959,1
960,1
961,1
962,1
963,1
964,1
965,0
966,1
967,4
968,0
969,0
970,4
971,4
972,0
973,0
974,4
975,4
976,4
977,4
978,4
979,4
980,2
981,3
982,0
983,0
984,3
985,2
986,2
987,0
988,0
989,3
990,3
991,4
992,0
993,0
994,0
995,0
996,0
997,0
998,0
999,2
1000,2
1001,3
1002,3
1003,5
1004,1
1005,5
1006,5
1007,5
1008,5
1009,5
1010,5
1011,3
1012,0
1013,0
1014,5
1015,5
1016,5
1017,0
1018,0
1019,0
1020,4
1021,4
1022,0
1023,3
1024,0
1025,0
1026,1
1027,1
1028,2
1029,2
1030,2
1031,3
1032,1
1033,2
1034,0
1035,0
1036,0
1037,0
1038,1
1039,1
1040,0
1041,0
1042,0
1043,0
1044,0
1045,0
1046,1
1047,1
1048,1
1049,1
1050,1
1051,5
1052,5
1053,1
1054,1
1055,5
1056,3
1057,3
1058,3
1059,1
1060,1
1061,4
1062,1
1063,2
1064,2
1065,2
1066,5
1067,5
1068,3
1069,2
1070,1
1071,2
1072,2
1073,3
1074,2
1075,0
1076,5
1077,1
1078,5
1079,3
1080,4
1081,4
1082,5
1083,3
1084,5
1085,5
1086,0
1087,1
1088,1
1089,1
1090,1
1091,1
1092,1
1093,1
1094,1
1095,1
1096,4
1097,4
1098,4
1099,3
1100,4
1101,4
1102,3
1103,2
1104,0
1105,2
1106,3
1107,5
1108,5
1109,1
1110,1
1111,5
1112,1
1113,0
1114,0
1115,0
1116,5
1117,5
1118,5
1119,5
1120,3
1121,5
1122,5
1123,1
1124,5
1125,1
1126,1
1127,2
1128,3
1129,3
1130,3
1131,3
1132,3
1133,3
1134,3
1135,2
1136,2
1137,5
1138,5
1139,2
1140,1
1141,1
1142,1
1143,1
1144,5
1145,1
1146,1
1147,5
1148,2
1149,3
1150,2
1151,0
1152,5
1153,2
1154,2
1155,1
1156,2
1157,0
1158,0
1159,0
1160,3
1161,3
1162,3
1163,3
1164,3
1165,2
1166,5
1167,5
1168,1
1169,5
1170,2
1171,3
1172,3
1173,0
1174,0
1175,1
1176,1
1177,1
1178,1
1179,1
1180,1
1181,1
1182,1
1183,1
1184,1
1185,4
1186,4
1187,4
1188,1
1189,1
1190,4
1191,4
1192,4
1193,4
1194,4
1195,4
1196,0
1197,3
1198,1
1199,1
1200,1
1201,1
1202,1
1203,1
1204,1
1205,1
1206,1
1207,1
1208,1
1209,1
1210,1
1211,3
1212,3
1213,3
1214,0
1215,0
1216,3
1217,0
1218,5
1219,5
1220,1
1221,2
1222,1
1223,0
1224,0
1225,0
1226,4
1227,0
1228,1
1229,2
1230,2
1232,3
1233,0
1234,2
1235,2
1236,2
1237,4
1238,2
1239,2
1240,0
1241,5
1242,3
1243,1
1244,1
1245,1
1246,5
1247,1
1248,2
1249,1
1250,1
1251,4
1252,4
1253,4
1254,3
1255,5
1256,4
1257,4
1258,2
1259,2
1260,2
1261,4
1262,4
1263,2
1264,2
1265,1
1266,1
1267,1
1268,1
1269,1
1270,2
1271,1
1272,2
1273,2
1274,5
1275,5
1276,5
1277,5
1278,5
1279,5
1280,5
1281,5
1282,5
1283,5
1284,5
1285,5
1286,5
1287,5
1288,5
1289,5
1290,5
1291,5
1292,5
1293,5
1294,5
1295,5
1296,5
1297,5
1298,2
1299,2
1300,2
1301,5
1302,2
1303,2
1304,2
1305,0
1306,0
1307,0
1308,1
1309,1
1310,3
1311,1
1312,1
1313,2
1314,2
1315,2
1316,1
1317,1
1318,1
1319,3
1320,1
1321,0
1322,0
1323,0
1324,0
1325,0
1326,0
1327,0
1328,0
1329,2
1330,1
1331,2
1332,2
1333,1
1334,2
1335,2
1336,4
1337,4
1338,4
1339,0
1340,4
1341,1
1342,0
1343,4
1344,0
1345,0
1346,0
1347,4
1348,4
1349,0
1350,2
1351,2
1352,4
1353,4
1354,4
1355,4
1356,0
1357,0
1358,1
1359,1
1360,1
1361,1
1362,1
1363,2
1364,2
1365,0
1366,0
1367,2
1368,2
1369,3
1370,5
1371,5
1372,5
1373,3
1374,2
1375,1
1376,2
1377,2
1378,3
1379,3
1380,0
1381,0
1382,0
1383,3
1384,3
1385,0
1386,2
1387,1
1388,4
1389,4
1390,1
1391,0
1392,4
1393,4
1394,4
1395,4
1396,3
1397,2
1398,2
1399,0
1400,5
1401,0
1402,4
1403,4
1404,4
1405,5
1406,0
1407,4
1408,0
1409,5
1410,3
1411,3
1412,3
1413,3
1414,1
1415,1
1416,2
1417,4
1418,0
1419,4
1420,5
1421,5
1422,4
1423,4
1424,4
1425,4
1426,4
1427,2
1428,3
1429,2
1430,1
1431,1
1432,5
1433,2
1434,3
1435,3
1436,1
1437,4
1438,2
1439,4
1440,2
1441,0
1442,1
1443,1
1444,2
1445,2
1446,4
1447,4
1448,4
1449,1
1450,1
1451,0
1452,5
1453,4
1454,2
1455,4
1456,4
1457,4
1458,5
1459,1
1460,3
1461,3
1462,1
1463,4
1464,5
1465,4
1466,1
1467,1
1468,4
1469,4
1470,0
1471,0
1472,0
1473,2
1474,2
1475,0
1476,2
1477,0
1478,4
1479,4
1480,1
1481,1
1482,1
1483,1
1484,0
1485,4
1486,4
1487,2
1488,0
1489,2
1490,2
1491,2
1492,2
1493,2
1494,2
1495,2
1496,2
1497,2
1498,4
1500,1
1501,2
1502,2
1503,2
1504,0
1505,0
1506,2
1507,1
1508,1
1509,1
1510,1
1511,1
1512,1
1513,1
1514,1
1515,1
1516,1
1517,1
1518,1
1519,1
1520,1
1521,1
1522,1
1523,1
1524,2
1525,3
1526,3
1527,3
1528,4
1529,4
1530,0
1531,0
1532,5
1533,5
1534,1
1535,2
1536,4
1537,4
1538,2
1539,5
1540,2
1541,5
1542,2
1543,5
1544,5
1545,2
1546,1
1547,1
1548,2
1549,1
1550,2
1551,0
1552,1
1553,1
1554,1
1555,0
1556,2
1557,2
1558,5
1559,2
1560,2
1561,5
1562,5
1563,2
1564,2
1565,2
1566,2
1567,2
1568,0
1569,2
1570,2
1571,2
1572,2
1573,1
1574,4
1575,5
1576,3
1577,5
1578,4
1579,4
1580,0
1581,5
1582,0
1583,2
1584,2
1585,5
1586,5
1587,0
1588,1
1589,5
1590,3
1591,5
1592,0
1593,0
1594,0
1595,0
1596,0
1597,2
1598,2
1599,0
1600,0
1601,0
1602,0
1603,0
1604,3
1605,4
1606,0
1607,4
1608,0
1609,0
1610,0
1611,0
1612,0
1613,0
1614,1
1615,0
1616,0
1617,1
1618,1
1619,1
1620,1
1621,1
1622,1
1623,1
1624,1
1625,1
1626,1
1627,1
1628,1
1629,1
1630,1
1631,1
1632,1
1633,1
1634,1
1635,1
1636,2
1637,1
1638,1
1639,1
1640,1
1641,1
1642,1
1643,1
1644,1
1645,2
1646,1
1647,1
1648,1
1649,1
1650,1
1651,1
1652,1
1653,2
1654,1
1655,1
1656,1
1657,1
1658,5
1659,3
1660,0
1661,0
1662,3
1663,4
1664,2
1665,2
1666,2
1667,4
1668,2
1669,5
1670,5
1671,0
1672,0
1673,0
1674,0
1675,0
1676,0
1677,3
1678,5
1679,2
1680,2
1681,2
1682,1
1683,0
1684,5
1685,4
1686,4
1687,0
1688,0
1689,0
1690,0
1691,0
1692,0
1693,4
1694,4
1695,4
1696,5
1697,5
1698,4
1699,1
1700,1
1701,0
1702,0
1703,0
1704,0
1705,0
1706,0
1707,1
1708,1
1709,1
1710,1
1711,2
1712,1
1713,2
1714,2
1715,2
1716,2
1717,2
1718,5
1719,5
1720,3
1721,3
1722,1
1723,5
1724,5
1725,5
1726,5
1727,5
1728,5
1729,5
1730,3
1731,1
1732,1
1733,1
1734,5
1735,5
1736,3
1737,5
1738,5
1739,5
1740,4
1741,4
1742,4
1743,0
1744,0
1745,0
1746,0
1747,0
1748,5
1749,5
1750,5
1751,1
1752,1
1753,1
1754,1
1755,1
1756,1
1757,2
1758,2
1759,2
1760,2
1761,2
1762,5
1763,1
1764,5
1765,5
1766,2
1767,2
1768,1
1769,1
1770,2
1771,2
1772,3
1773,3
1774,2
1775,2
1776,1
1777,2
1778,2
1779,2
1780,2
1781,2
1782,1
1783,1
1784,1
1785,1
1786,1
1787,1
1788,5
1789,5
1790,0
1791,5
1792,5
1793,4
1794,2
1795,2
1796,2
1797,2
1798,1
1799,1
1800,2
1801,1
1802,4
1803,2
1804,2
1805,2
1806,0
1807,0
1808,1
1809,5
1810,1
1811,4
1812,4
1813,4
1814,4
1815,4
1816,4
1817,1
1818,1
1819,1
1820,2
1821,2
1822,2
1823,2
1824,5
1825,5
1826,1
1827,2
1828,5
1829,2
1830,4
1831,4
1832,4
1833,1
1834,4
1835,4
1836,5
1837,0
1838,1
1839,1
1840,2
1841,2
1842,0
1843,1
1844,1
1845,2
1846,2
1847,2
1848,2
1849,1
1850,4
1851,2
1852,2
1853,2
1854,5
1855,5
1856,5
1857,5
1858,1
1859,1
1860,0
1861,0
1862,0
1863,0
1864,1
1865,1
1866,1
1867,2
1868,3
1869,5
1870,3
1871,2
1872,2
1873,2
1874,2
1875,2
1876,0
1877,0
1878,0
1879,1
1880,0
1881,0
1882,0
1883,0
1884,5
1885,0
1886,0
1887,0
1888,0
1889,5
1890,0
1891,0
1892,0
1893,2
1894,2
1895,5
1896,5
1897,3
1898,5
1899,5
1900,5
1901,5
1902,1
1903,2
1904,0
1905,4
1906,1
1907,0
1908,0
1909,0
1910,0
1911,0
1912,0
1913,0
1914,0
1915,0
1916,0
1917,0
1918,1
1919,0
1920,0
1921,5
1922,3
1923,2
1924,2
1925,5
1926,2
1927,5
1928,2
1929,1
1930,5
1931,0
1932,5
1933,0
1934,5
1935,5
1936,4
1937,5
1938,5
1939,0
1940,0
1941,0
1942,0
1943,1
1944,0
1945,0
1946,3
1947,0
1948,4
1949,3
1950,3
1951,4
1952,4
1953,2
1954,2
1955,2
1956,0
1957,4
1958,4
1959,0
1960,1
1961,1
1962,1
1963,1
1964,1
1965,4
1966,4
1967,0
1968,0
1969,4
1970,4
1971,1
1972,1
1973,5
1974,5
1975,5
1976,1
1977,1
1978,2
1979,2
1980,2
1981,1
1982,0
1983,1
1984,3
1985,2
1986,2
1987,2
1988,2
1989,1
1990,3
1991,2
1992,0
1993,2
1994,2
1995,3
1996,0
1997,3
1998,4
1999,0
2000,0
2001,0
2002,5
2003,1
2004,1
2005,0
2006,2
2007,2
2008,2
2009,2
2010,2
2011,2
2012,1
2013,4
2014,4
2015,4
2016,4
2017,4
2018,1
2019,4
2020,4
2021,5
2022,5
2023,2
2024,2
2025,1
2026,2
2027,2
2028,2
2029,2
2030,4
2031,4
2032,5
2033,4
2034,1
2035,1
2036,1
2037,0
2038,2
2039,0
2040,0
2041,2
2042,2
2043,4
2044,4
2045,2
2046,2
2047,2
2048,5
2049,5
2050,4
2051,4
2052,4
2053,3
2054,4
2055,4
2056,4
2057,4
2058,4
2059,4
2060,0
2061,0
2062,1
2063,4
2064,4
2065,2
2066,3
2068,1
2069,1
2070,2
2071,5
2072,2
2073,2
2074,2
2075,5
2076,3
2077,5
2078,5
2079,3
2080,3
2081,3
2082,2
2083,3
2084,2
2085,4
2086,2
2087,5
2088,5
2089,5
2090,5
2091,1
2092,1
2093,1
2094,1
2095,1
2096,2
2097,5
2098,1
2099,1
2100,1
2101,4
2102,5
2103,1
2104,1
2105,2
2106,2
2107,1
2108,5
2109,5
2110,0
2111,0
2112,0
2113,0
2114,5
2115,0
2116,0
2117,0
2118,5
2119,3
2120,1
2121,4
2122,5
2123,5
2124,1
2125,1
2126,1
2127,1
2128,2
2129,4
2130,5
2131,4
2132,1
2133,3
2134,4
2135,0
2136,5
2137,3
2138,5
2139,1
2140,1
2141,1
2142,4
2143,1
2144,5
2145,5
2146,4
2147,4
2148,4
2149,0
2150,3
2151,0
2152,4
2153,4
2154,4
2155,4
2156,4
2157,0
2158,0
2159,1
2160,5
2161,5
2162,0
2163,0
2164,5
2165,5
2166,0
2167,4
2168,4
2169,5
2170,4
2171,4
2172,4
2173,2
2174,0
2175,5
2176,5
2177,1
2178,4
2179,4
2180,3
2181,5
2182,3
2183,4
2184,4
2185,5
2186,5
2187,2
2188,5
2189,0
2190,0
2191,0
2192,2
2193,4
2194,4
2195,5
2196,5
2197,3
2198,3
2199,5
2200,5
2201,2
2202,5
2203,3
2204,0
2205,3
2206,3
2207,3
2208,3
2209,3
2210,1
2211,3
2212,0
2213,0
2214,2
2215,3
2216,0
2217,0
2218,1
2219,1
2220,0
2221,3
2222,3
2223,2
2224,0
2225,1
2226,1
2227,0
2228,0
2229,1
2230,4
2231,2
2232,2
2233,4
2234,5
2235,5
2236,2
2237,5
2238,0
2239,4
2240,4
2241,4
2242,4
2243,1
2244,1
2245,2
2246,2
2247,2
2248,4
2249,4
2250,2
2251,4
2252,4
2253,4
2254,4
2255,4
2256,4
2257,2
2258,2
2259,2
2260,2
2261,4
2262,4
2263,4
2264,2
2265,2
2266,2
2267,2
2268,2
2269,2
2270,1
2271,0
2272,0
2273,0
2274,0
2275,3
2276,5
2277,4
2278,5
2279,5
2280,4
2281,1
2282,1
2283,1
2284,1
2285,0
2286,1
2287,1
2288,4
2289,4
2290,4
2291,4
2292,4
2293,0
2294,5
2295,5
2296,0
2297,0
2298,0
2299,0
2300,3
2301,3
2302,5
2303,5
2304,5
2305,2
2306,0
2307,0
2308,0
2309,0
2310,5
2311,5
2312,5
2313,0
2314,2
2315,0
2316,1
2317,5
2318,5
2319,5
2320,4
2321,4
2322,4
2323,5
2324,5
2325,3
2326,5
2327,2
2328,2
2329,2
2330,2
2331,2
2332,5
2333,5
2334,5
2335,2
2336,2
2337,2
2338,0
2339,0
2340,0
2341,0
2342,0
2343,0
2344,0
2345,0
2346,0
2347,0
2348,3
2349,1
2350,1
2351,1
2352,1
2353,0
2354,0
2355,0
2356,1
2357,1
2358,0
2359,5
2360,4
2361,4
2362,4
2363,4
2364,1
2365,3
2366,5
2367,5
2368,4
2369,4
2370,4
2371,2
2372,1
2373,1
2374,1
2375,3
2376,3
2377,1
2378,1
2379,1
2380,1
2381,0
2382,0
2383,0
2384,3
2385,5
2386,5
2387,1
2388,4
2389,4
2390,2
2391,4
2392,4
2393,2
2394,2
2395,2
2396,2
2397,2
2398,0
2399,0
2400,4
2401,5
2402,5
2403,5
2405,1
2406,1
2407,4
2408,0
2409,0
2410,0
2411,2
2412,2
2413,0
2414,0
2415,0
2416,0
2417,0
2418,0
2419,4
2420,0
2421,0
2422,0
2423,0
2424,4
2425,4
2426,4
2427,0
2428,5
2429,4
2430,4
2431,5
2432,4
2433,4
2434,4
2435,4
2436,1
2437,5
2438,5
2439,5
2440,0
2441,1
2442,1
2443,2
2444,1
2445,1
2446,1
2447,1
2449,3
2450,0
2451,4
2452,0
2453,4
2454,5
2455,5
2456,5
2457,2
2458,0
2459,4
2460,4
2461,4
2462,2
2463,1
2464,1
2465,0
2466,0
2467,0
2468,2
2469,2
2470,0
2471,2
2472,2
2473,0
2474,0
2475,0
2476,4
2477,2
2478,2
2479,5
2480,2
2481,1
2482,1
2483,1
2484,5
2485,5
2486,4
2487,4
2488,5
2489,5
2490,1
2491,5
2492,4
2493,0
2494,0
2495,0
2496,0
2497,1
2498,1
2499,5
2500,2
2501,5
2502,0
2503,0
2504,5
2505,4
2506,5
2507,5
2508,5
2509,5
2510,5
2511,3
2512,5
2513,3
2514,1
2515,1
2516,4
2517,5
2518,3
2519,3
2520,4
2521,4
2522,4
2523,4
2524,3
2525,1
2526,1
2527,1
2528,1
2529,3
2530,5
2531,5
2532,5
2533,3
2534,5
2535,3
2536,5
2537,1
2538,5
2539,5
2540,5
2541,5
2542,4
2543,4
2544,0
2545,4
2546,5
2547,5
2548,5
2549,5
2550,2
2551,2
2552,1
2553,1
2554,2
2555,2
2556,2
2557,0
2558,0
2559,1
2560,2
2561,2
2562,2
2563,5
2564,1
2565,4
2566,5
2567,3
2568,5
2569,5
2570,5
2571,5
2572,2
2573,2
2574,1
2575,1
2576,2
2577,2
2578,2
2579,2
2580,4
2581,1
2582,1
2583,2
2584,5
2585,5
2586,5
2587,2
2588,2
2589,2
2590,2
2591,2
2592,2
2593,2
2594,2
2595,2
2596,1
2597,2
2598,4
2599,4
2600,4
2601,1
2602,3
2603,0
2604,4
2605,4
2606,5
2607,2
2608,1
2609,4
2610,4
2611,4
2612,4
2613,4
2614,4
2615,4
2616,2
2617,2
2618,5
2619,3
2620,2
2621,2
2622,4
2623,5
2624,4
2625,1
2626,1
2627,5
2628,4
2629,5
2630,0
2631,0
2632,0
2633,1
2634,2
2635,4
2636,1
2637,4
2638,4
2639,4
2640,4
2641,1
2642,0
2643,0
2644,0
2645,0
2646,4
2647,4
2648,4
2649,0
2650,0
2651,1
2652,3
2653,0
2654,0
2655,4
2656,0
2657,3
2658,5
2659,2
2660,3
2661,1
2662,2
2663,2
2664,0
2665,0
2666,0
2667,5
2668,5
2669,2
2670,2
2671,1
2672,1
2673,2
2674,4
2675,0
2676,3
2677,0
2678,0
2679,3
2680,0
2681,4
2682,3
2683,2
2684,2
2685,3
2686,5
2687,1
2688,0
2689,5
2690,4
2691,4
2692,1
2693,1
2694,3
2695,0
2696,3
2697,5
2698,3
2699,1
2700,1
2701,5
2702,2
2703,0
2704,4
2705,1
2706,0
2707,0
2708,4
2709,3
2710,1
2711,1
2712,5
2713,4
2714,2
2715,2
2716,2
2717,5
2718,5
2719,2
2720,2
2721,2
2722,2
2723,2
2724,0
2725,0
2726,0
2727,0
2728,0
2729,0
2730,1
2731,1
2732,1
2733,1
2734,5
2735,5
2736,4
2737,5
2738,4
2739,5
2740,2
2741,4
2742,0
2743,1
2744,2
2745,1
2746,3
2747,5
2748,4
2749,4
2750,4
2751,4
2752,4
2753,4
2754,4
2755,0
2756,5
2757,2
2758,2
2759,2
2760,2
2761,1
2762,2
2763,1
2764,4
2765,4
2766,0
2767,4
2768,4
2769,3
2770,0
2771,3
2772,2
2773,2
2774,3
2775,5
2776,4
2777,4
2778,2
2779,4
2780,4
2781,2
2782,5
2783,5
2784,0
2785,0
2786,0
2787,0
2788,2
2789,2
2790,2
2791,2
2792,1
2793,2
2794,2
2795,2
2796,2
2797,2
2798,2
2799,2
2800,0
2801,4
2802,4
2803,4
2804,4
2805,0
2806,4
2807,4
2808,1
2809,0
2810,0
2811,4
2812,4
2813,3
2814,3
2815,3
2816,5
2817,5
2818,5
2819,3
2820,3
2821,3
2822,5
2823,2
2824,2
2825,5
2826,5
2827,4
2828,4
2829,4
2830,0
2831,4
2832,2
2833,5
2834,5
2835,1
2836,5
2837,0
2838,0
2839,0
2840,0
2841,0
2842,2
2843,1
2844,2
2845,2
2846,4
2847,4
2848,4
2849,4
2850,5
2851,5
2852,3
2853,3
2854,2
2855,2
2856,2
2857,3
2858,0
2859,0
2860,5
2861,4
2862,4
2863,4
2864,2
2865,2
2866,5
2867,5
2868,4
2869,4
2870,4
2871,4
2872,4
2873,4
2874,3
2875,4
2876,4
2877,4
2878,5
2879,4
2880,1
2881,2
2882,5
2883,5
2884,5
2885,5
2886,4
2887,2
2888,4
2889,0
2890,4
2891,4
2892,5
2893,4
2894,4
2895,0
2896,0
2897,0
2898,0
2899,4
2900,4
2901,4
2902,4
2903,5
2904,0
2905,0
2906,2
2907,2
2908,2
2909,4
2910,4
2911,1
2912,5
2913,3
2914,4
2915,4
2916,4
2917,4
2918,5
2919,5
2920,0
2921,3
2922,0
2923,0
2924,0
2925,1
2926,4
2927,0
2928,0
2930,5
2931,1
2933,0
2934,0
2935,0
2936,0
2937,0
2938,0
2939,0
2940,0
2941,0
2942,0
2943,0
2944,0
2945,0
2946,0
2947,0
2948,0
2949,0
2950,0
2951,0
2952,0
2953,3
2954,3
2955,0
2956,0
2957,0
2958,3
2959,0
2960,1
2961,4
2962,4
2963,4
2964,4
2965,4
2966,3
2967,4
2968,1
2969,1
2970,4
2971,5
2972,5
2973,0
2974,0
2975,5
2976,2
2977,0
2978,3
2979,4
2980,0
2981,2
2982,4
2983,4
2984,2
2985,2
2986,2
2987,5
2988,4
2989,5
2990,5
2991,5
2992,5
2993,3
2994,5
2995,0
2996,0
2997,0
2998,0
2999,2
3000,5
3001,5
3002,5
3003,5
3004,5
3005,5
3006,5
3007,5
3008,5
3009,2
3010,2
3011,3
3012,5
3013,5
3014,5
3015,2
3016,2
3017,2
3018,2
3019,0
3020,0
3021,0
3022,0
3023,0
3024,1
3025,4
3026,0
3027,2
3028,2
3029,5
3030,5
3031,0
3032,0
3033,4
3034,3
3035,5
3036,5
3037,5
3038,5
3039,1
3040,1
3041,2
3042,4
3043,4
3044,4
3045,4
3046,4
3047,4
3048,3
3049,5
3051,4
3052,5
3053,2
3054,2
3055,0
3056,0
3057,0
3058,0
3059,1
3060,1
3061,1
3062,0
3063,2
3064,1
3065,1
3066,5
3067,5
3068,2
3069,2
3070,3
3071,3
3072,5
3073,5
3074,1
3075,2
3076,0
3077,0
3078,2
3079,2
3080,2
3081,2
3082,4
3083,4
3084,4
3085,2
3086,5
3087,5
3088,5
3089,1
3090,1
3091,2
3092,0
3093,4
3094,0
3095,2
3096,3
3097,5
3098,1
3099,4
3100,1
3101,1
3102,5
3103,5
3104,5
3105,5
3106,1
3107,1
3108,1
3109,1
3110,1
3111,5
3112,5
3113,3
3114,2
3115,2
3116,2
3117,4
3118,4
3119,4
3120,4
3121,5
3122,3
3123,5
3124,4
3125,0
3126,5
3127,5
3128,3
3129,2
3130,4
3131,4
3132,4
3133,2
3134,2
3135,1
3136,4
3137,2
3138,4
3139,4
3140,3
3141,0
3142,5
3143,2
3144,4
3145,5
3146,5
3147,0
3148,5
3149,4
3150,0
3151,1
3152,1
3153,1
3154,1
3155,0
3156,5
3157,5
3158,0
3159,4
3160,4
3161,4
3162,4
3163,0
3164,1
3165,0
3166,4
3167,4
3168,4
3169,5
3170,1
3171,0
3172,0
3173,5
3175,0
3176,1
3177,2
3178,5
3179,5
3180,0
3181,3
3182,0
3183,4
3184,4
3185,0
3186,1
3187,5
3188,1
3189,2
3190,2
3191,2
3192,2
3193,0
3194,2
3195,2
3196,2
3197,0
3198,0
3199,0
3200,0
3201,3
3202,3
3203,0
3204,3
3205,0
3206,0
3207,2
3208,4
3209,0
3210,0
3211,5
3212,5
3213,5
3214,5
3215,0
3216,0
3217,4
3218,5
3219,5
3220,5
3221,1
3222,3
3223,4
3224,4
3225,1
3226,0
3227,4
3228,2
3229,2
3230,2
3231,4
3232,4
3233,4
3234,2
3235,0
3236,4
3239,4
3240,1
3241,2
3242,3
3243,2
3244,0
3245,1
3246,2
3247,5
3248,3
3249,5
3250,5
3252,5
3253,5
3254,3
3255,3
3256,5
3257,5
3258,2
3259,0
3260,0
3261,0
3262,1
3263,1
3264,0
3265,0
3266,4
3267,4
3268,2
3269,2
3270,1
3271,1
3272,0
3273,3
3274,3
3275,5
3276,5
3277,4
3278,1
3279,1
3280,1
3281,5
3282,0
3283,0
3284,5
3285,2
3286,1
3287,1
3288,0
3289,0
3290,0
3291,0
3292,0
3293,0
3294,3
3295,4
3296,2
3297,2
3298,3
3299,0
3300,5
3301,5
3302,5
3303,5
3304,2
3305,5
3306,5
3307,5
3308,5
3309,3
3310,2
3311,2
3312,5
3313,5
3314,2
3315,1
3316,1
3317,2
3318,2
3319,5
3320,2
3321,2
3322,5
3323,1
3324,5
3325,1
3326,4
