2057,4
2068,1
534,1
27,1
2079,3
3104,5
546,2
1571,2
550,2
1067,5
51,2
56,3
2620,2
65,3
2118,5
2631,0
1099,3
2637,4
2128,2
3154,1
3171,0
1108,5
1622,1
2137,3
3163,0
2659,2
2660,3
1130,3
3185,0
2675,0
2681,4
1668,2
2697,5
2700,1
148,2
2197,3
2200,5
1177,1
3227,4
1694,4
1186,4
1701,0
881,3
681,2
2735,5
1058,3
182,4
695,5
696,1
1211,3
1214,0
3266,4
3276,5
2594,2
209,3
547,3
1250,1
2787,0
240,5
2139,1
2293,0
1275,5
2300,3
766,1
1279,5
2307,0
1804,2
788,3
1307,0
295,4
811,3
649,2
824,1
315,5
2368,4
833,3
1347,4
2374,1
327,1
1864,1
1867,2
1358,1
2901,4
1880,0
1882,0
1883,0
355,1
1382,0
1905,4
2930,5
2421,0
894,5
1407,4
1419,4
2956,0
1005,5
2967,4
1946,3
930,3
1443,1
2468,2
421,2
1447,4
434,0
1460,3
438,1
2497,1
467,2
1502,2
2015,4
480,5
2530,5
3043,4
998,0
2983,4
493,2
2547,5
3241,2
1018,0
1533,5
